ID1_chainID	ID1_resSeq	ID1_name	ID2_chainID	ID2_resSeq	ID2_name	distance
A	1	C	A	2	N	1.34489
A	1	O	A	3	N	2.92669
A	1	O	A	4	N	2.81714
A	1	O	A	5	N	3.79984
A	1	N	A	23	OE1	4.36515
A	1	N	A	33	OE1	3.08883
A	1	CB	A	262	CB	3.39174
A	2	C	A	3	N	1.32609
A	2	C	A	4	N	3.05783
A	2	O	A	5	N	3.05807
A	2	O	A	6	N	3.07247
A	2	N	A	33	OE1	3.63368
A	3	C	A	4	N	1.32918
A	3	C	A	5	N	3.35086
A	3	O	A	6	N	3.33289
A	3	O	A	7	N	3.244
A	3	C	A	258	OG	3.65071
A	3	CB	A	262	CE1	3.67975
A	4	C	A	5	N	1.32874
A	4	C	A	6	N	3.09237
A	4	O	A	7	N	2.85927
A	4	O	A	8	N	2.83534
A	4	CG2	A	21	OH	3.57391
A	4	OG1	A	23	OE1	4.75521
A	4	CG2	A	255	O	4.05027
A	4	OG1	A	258	OG	2.91964
A	4	OG1	A	259	N	3.79582
A	5	C	A	6	N	1.32555
A	5	C	A	7	N	3.12074
A	5	O	A	8	N	3.11928
A	5	O	A	9	N	2.82995
A	5	O	A	10	N	4.72996
A	5	CD1	A	21	CD2	4.25364
A	5	CD2	A	33	OE2	2.90316
A	5	CD1	A	34	O	4.17165
A	5	CD1	A	35	CD1	4.31591
A	6	C	A	7	N	1.3318
A	6	C	A	8	N	3.29873
A	6	O	A	9	N	3.45525
A	6	O	A	10	N	2.94345
A	7	C	A	8	N	1.32825
A	7	C	A	9	N	3.34864
A	7	NZ	A	10	OD1	3.06591
A	7	O	A	11	N	2.77855
A	7	NZ	A	14	NE2	4.81354
A	7	NZ	A	251	OE1	2.68709
A	7	NZ	A	254	OE1	2.65522
A	7	CG	A	255	CA	3.7378
A	7	CB	A	258	CB	4.4692
A	8	C	A	9	N	1.33155
A	8	C	A	10	N	3.10677
A	8	O	A	11	N	3.04518
A	8	O	A	12	N	2.95909
A	8	CG1	A	19	O	4.04836
A	8	CG2	A	21	CG	4.09521
A	8	CG1	A	35	CD2	3.64095
A	8	CG2	A	255	CD1	4.11956
A	9	C	A	10	N	1.33161
A	9	C	A	11	N	3.2764
A	9	O	A	12	N	3.32299
A	9	O	A	13	OD2	2.673
A	9	CG	A	35	CE1	3.97404
A	10	C	A	11	N	1.33372
A	10	C	A	12	N	3.29884
A	10	O	A	13	N	3.15677
A	10	O	A	14	N	2.80045
A	10	C	A	251	OE1	4.45428
A	10	OD1	A	254	OE1	4.70044
A	11	C	A	12	N	1.33155
A	11	C	A	13	N	3.2008
A	11	O	A	14	N	3.09603
A	11	O	A	15	N	2.85629
A	11	O	A	16	N	4.44145
A	11	O	A	17	O	4.95068
A	11	CB	A	19	CG2	4.31233
A	11	CA	A	251	OE1	3.37919
A	11	CB	A	255	CD1	4.28006
A	12	C	A	13	N	1.32951
A	12	C	A	14	N	3.22316
A	12	O	A	15	N	3.60659
A	12	O	A	16	N	2.77291
A	12	CG	A	17	O	3.10835
A	12	OE1	A	18	CA	3.67132
A	12	OE1	A	19	N	2.91945
A	12	OE1	A	35	CE2	3.13983
A	12	OE1	A	36	NE	2.59806
A	13	C	A	14	N	1.32949
A	13	C	A	15	N	3.58009
A	13	O	A	16	N	3.81774
A	14	C	A	15	N	1.33339
A	14	C	A	16	N	3.28241
A	14	NE2	A	251	NE2	3.68823
A	15	C	A	16	N	1.32738
A	15	C	A	17	N	3.25901
A	15	CD2	A	19	CG2	4.86527
A	15	O	A	241	OG	2.66991
A	15	O	A	242	N	4.14266
A	15	CD1	A	243	CB	3.41847
A	15	CD1	A	247	C	4.28689
A	15	CD1	A	248	CG	4.15654
A	15	CD2	A	251	CG	3.2619
A	16	C	A	17	N	1.33124
A	16	C	A	18	N	4.77644
A	16	O	A	240	O	4.86285
A	16	O	A	241	CA	4.68419
A	17	C	A	18	N	1.3297
A	17	O	A	19	N	3.65562
A	17	CB	A	238	OG1	4.20813
A	17	CB	A	239	O	3.09215
A	17	CB	A	240	C	3.98067
A	17	CB	A	241	N	3.47443
A	18	C	A	19	N	1.32734
A	18	C	A	20	N	4.16415
A	18	NH1	A	36	NH1	3.34713
A	18	NH2	A	39	OE2	3.49552
A	18	O	A	41	CE2	3.61437
A	18	O	A	237	O	3.98971
A	18	O	A	238	OG1	3.21509
A	18	O	A	239	N	3.59281
A	19	C	A	20	N	1.33008
A	19	O	A	21	N	3.80214
A	19	O	A	35	CD2	3.36797
A	19	O	A	36	CG	4.19325
A	19	C	A	41	CZ	4.10876
A	19	CG1	A	236	CG2	4.39242
A	19	CA	A	237	O	3.30895
A	19	CG2	A	238	OG1	4.03746
A	19	CG1	A	255	CD1	4.25213
A	20	C	A	21	N	1.32584
A	20	C	A	22	N	4.4978
A	20	CA	A	35	O	3.53036
A	20	CA	A	36	O	4.18886
A	20	N	A	41	CZ	3.38142
A	20	CA	A	158	CG	3.85491
A	20	O	A	235	O	3.73272
A	20	O	A	236	CA	3.39345
A	20	N	A	237	O	2.74126
A	20	N	A	238	N	4.90878
A	21	C	A	22	N	1.33015
A	21	OH	A	23	OE1	2.89152
A	21	CE2	A	33	CB	4.02081
A	21	O	A	34	CA	3.22364
A	21	O	A	35	N	2.95361
A	21	N	A	36	O	4.99918
A	21	N	A	158	CG	4.35455
A	21	CE1	A	234	CG1	4.02005
A	21	CA	A	235	O	3.37702
A	21	CD1	A	236	CG1	3.73579
A	21	CE1	A	255	CG2	3.64481
A	21	OH	A	259	CB	3.8727
A	22	C	A	23	N	1.32368
A	22	CG2	A	24	CD1	3.86387
A	22	CD1	A	31	CG2	4.98475
A	22	CA	A	33	O	3.73931
A	22	CD1	A	34	CB	3.43183
A	22	CD1	A	35	N	4.7749
A	22	CD1	A	37	CB	3.80002
A	22	CG1	A	158	CB	3.30978
A	22	CG1	A	159	N	3.58337
A	22	CG2	A	162	CB	3.44218
A	22	O	A	233	O	3.71893
A	22	O	A	234	CA	3.2247
A	22	O	A	235	N	2.89251
A	23	C	A	24	N	1.3281
A	23	O	A	25	N	4.35248
A	23	O	A	30	O	4.21033
A	23	O	A	31	C	3.7405
A	23	O	A	32	N	2.77549
A	23	N	A	33	O	3.05839
A	23	OE2	A	232	NH1	2.79529
A	23	CA	A	233	O	3.40912
A	23	CG	A	234	CG2	4.33216
A	23	CD	A	259	CD2	3.57898
A	24	C	A	25	N	1.33213
A	24	O	A	26	N	3.31341
A	24	CG	A	29	O	3.3597
A	24	CA	A	30	O	3.4874
A	24	CD1	A	31	CG1	3.61092
A	24	C	A	32	CD1	4.27904
A	24	CD2	A	162	CB	3.87304
A	24	CD2	A	163	N	4.06302
A	24	CD2	A	166	CD	4.34832
A	24	O	A	231	O	4.23679
A	24	O	A	232	CA	2.99985
A	24	N	A	233	O	2.6963
A	24	N	A	234	N	4.92287
A	25	C	A	26	N	1.32455
A	25	OD1	A	27	N	3.10108
A	25	OD1	A	28	N	2.70359
A	25	O	A	29	N	2.63639
A	25	N	A	30	O	2.93622
A	25	N	A	32	CG	3.98773
A	25	O	A	166	NE	4.04817
A	25	C	A	231	O	3.8903
A	25	CA	A	232	CG	4.53761
A	25	N	A	233	N	4.94028
A	26	C	A	27	N	1.32585
A	26	C	A	28	N	3.66132
A	26	O	A	29	N	4.21462
A	26	O	A	166	NE	3.00042
A	26	CD1	A	170	CG2	3.87599
A	26	CD2	A	230	O	3.17847
A	26	N	A	231	O	2.92602
A	26	CB	A	232	N	3.67917
A	26	CD1	A	233	CG1	4.0036
A	27	C	A	28	N	1.33234
A	27	C	A	29	N	3.51982
A	27	O	A	166	NH2	2.85483
A	27	N	A	231	O	4.55087
A	28	C	A	29	N	1.32627
A	28	C	A	30	N	3.18601
A	28	O	A	166	NH2	3.29486
A	29	C	A	30	N	1.32824
A	29	O	A	31	N	3.7661
A	29	CA	A	166	NE	3.23662
A	30	C	A	31	N	1.32717
A	30	O	A	32	N	3.624
A	31	C	A	32	N	1.32871
A	31	CG2	A	33	O	3.33836
A	31	CG2	A	34	CB	3.73064
A	32	C	A	33	N	1.3272
A	32	C	A	34	N	4.69182
A	32	CD1	A	232	CD	3.49402
A	33	C	A	34	N	1.32789
A	33	C	A	35	N	4.69626
A	34	C	A	35	N	1.32583
A	34	C	A	36	N	4.48865
A	34	CB	A	37	CB	4.02245
A	35	C	A	36	N	1.32873
A	35	O	A	37	N	3.00321
A	35	O	A	158	CG	4.77782
A	36	C	A	37	N	1.34183
A	36	C	A	38	N	3.18447
A	36	O	A	39	N	3.25594
A	36	O	A	41	CE1	4.25021
A	36	O	A	158	CG	3.57397
A	37	C	A	38	N	1.32858
A	37	C	A	39	N	3.50315
A	37	O	A	157	CB	3.70596
A	37	O	A	158	CD	3.397
A	37	O	A	159	N	3.22409
A	37	O	A	160	N	4.80675
A	38	C	A	39	N	1.32388
A	38	O	A	40	N	3.91111
A	38	O	A	157	SD	3.51476
A	38	N	A	158	CD	4.54696
A	39	C	A	40	N	1.32769
A	39	O	A	41	CD1	3.16898
A	39	O	A	156	O	3.68815
A	39	O	A	157	CA	3.55684
A	39	O	A	158	CD	3.11068
A	40	C	A	41	N	1.32766
A	40	C	A	42	N	4.59656
A	40	NH1	A	134	O	3.22769
A	40	NH1	A	135	N	4.90899
A	40	NH1	A	136	CD	4.62211
A	40	NE	A	152	OE1	3.25192
A	40	NH1	A	155	OG1	3.34771
A	40	CA	A	156	O	3.14641
A	40	CZ	A	157	CE	3.71572
A	41	C	A	42	N	1.3419
A	41	O	A	43	N	3.34569
A	41	O	A	154	O	4.34712
A	41	O	A	155	CA	3.12157
A	41	N	A	156	O	2.81437
A	41	N	A	157	N	4.9997
A	41	CE1	A	158	CG	3.93487
A	41	CG	A	237	CB	3.49397
A	41	CD2	A	238	N	3.99628
A	41	CD2	A	239	CG2	3.86726
A	42	C	A	43	N	1.32922
A	42	O	A	44	CE	3.2069
A	42	CG	A	147	CB	3.63592
A	42	CA	A	154	O	3.66905
A	42	CA	A	155	CG2	4.12467
A	42	CG	A	217	OG	3.82513
A	42	O	A	237	CD2	3.6185
A	42	CD	A	239	CB	3.96026
A	43	C	A	44	N	1.32909
A	43	O	A	45	N	3.51758
A	43	O	A	46	OG1	2.52211
A	43	SD	A	47	CB	3.80175
A	43	SD	A	50	CD1	4.06845
A	43	SD	A	135	CG2	3.44563
A	43	CE	A	136	O	3.46041
A	43	CE	A	137	CD1	4.37428
A	43	N	A	154	O	3.0509
A	43	CE	A	155	O	4.00761
A	43	CG	A	156	CG2	3.62872
A	43	SD	A	161	CE	3.69056
A	43	O	A	211	CA	4.89257
A	43	O	A	237	CE2	3.85404
A	44	C	A	45	N	1.32337
A	44	O	A	46	N	3.00263
A	44	O	A	47	N	3.24544
A	44	O	A	48	N	4.89992
A	44	O	A	144	CD1	4.20344
A	44	CA	A	145	OD1	3.44748
A	44	N	A	154	O	4.73612
A	44	SD	A	211	C	3.52459
A	44	SD	A	212	CA	3.3859
A	44	SD	A	213	N	3.50738
A	44	SD	A	217	C	3.44931
A	44	CE	A	218	C	3.4631
A	44	CE	A	219	N	3.50348
A	44	CE	A	237	CD2	3.80917
A	45	C	A	46	N	1.33501
A	45	C	A	47	N	2.9806
A	45	OG	A	48	NZ	2.9052
A	45	O	A	49	N	4.62773
A	45	CB	A	105	OG	3.45806
A	45	OG	A	107	ND2	4.51454
A	45	OG	A	141	OE1	4.07905
A	45	N	A	145	OD1	4.23495
A	45	CB	A	209	NZ	3.41437
A	45	CB	A	210	O	3.57004
A	45	N	A	211	CA	3.94905
A	45	N	A	212	N	4.70771
A	46	C	A	47	N	1.3322
A	46	C	A	48	N	3.13056
A	46	O	A	49	N	3.40652
A	46	O	A	50	N	4.34662
A	46	OG1	A	161	CE	4.28371
A	46	CG2	A	209	O	3.39213
A	46	N	A	210	O	3.80453
A	46	CG2	A	211	N	4.07955
A	46	CG2	A	219	O	4.12081
A	46	CG2	A	220	N	4.19872
A	46	O	A	221	CD1	3.86564
A	46	OG1	A	237	OH	2.75815
A	47	C	A	48	N	1.32776
A	47	O	A	49	N	2.99444
A	47	O	A	50	N	2.94
A	47	O	A	51	N	2.94206
A	47	CZ	A	110	CB	4.0842
A	47	CZ	A	114	CD1	4.36122
A	47	CD1	A	123	CD2	3.82147
A	47	CE1	A	137	CD2	3.54316
A	47	CE2	A	141	OE1	3.60007
A	47	CE2	A	144	CD2	3.66461
A	48	C	A	49	N	1.32546
A	48	C	A	50	N	3.40649
A	48	O	A	51	N	3.52297
A	48	O	A	52	N	3.15882
A	48	CD	A	101	O	3.15341
A	48	O	A	102	CG1	3.80242
A	48	NZ	A	105	O	2.5704
A	48	NZ	A	106	O	3.9177
A	48	NZ	A	107	ND2	2.89875
A	48	CE	A	110	CB	3.90057
A	48	CE	A	141	OE1	3.3631
A	48	CD	A	209	CE	4.36098
A	49	C	A	50	N	1.32816
A	49	C	A	51	N	3.17674
A	49	O	A	52	N	3.37658
A	49	O	A	53	N	2.9674
A	49	CA	A	102	CD1	4.2467
A	49	CG1	A	165	CD1	4.06776
A	49	O	A	168	CD1	4.5524
A	49	O	A	182	CD1	3.98899
A	49	CG1	A	186	SD	3.77985
A	49	CG2	A	209	CB	3.43143
A	49	CG2	A	221	CD1	3.82968
A	50	C	A	51	N	1.3289
A	50	C	A	52	N	3.43615
A	50	O	A	53	N	3.14021
A	50	O	A	54	N	3.0078
A	50	O	A	123	CD1	3.56247
A	50	O	A	126	CE2	4.42772
A	50	CD1	A	127	CD2	3.98818
A	50	CD1	A	135	CG2	3.77996
A	50	CD1	A	161	CE	3.59485
A	50	CD2	A	164	CG2	3.92345
A	50	CD2	A	168	CD1	3.72515
A	51	C	A	52	N	1.32805
A	51	C	A	53	N	2.98755
A	51	O	A	54	N	3.03254
A	51	O	A	55	N	2.93534
A	51	CD2	A	110	O	3.49476
A	51	CD2	A	113	CB	3.69815
A	51	CD1	A	114	N	3.87821
A	51	CD1	A	117	CD1	3.93284
A	51	CA	A	123	CD1	4.02716
A	52	C	A	53	N	1.33071
A	52	C	A	54	N	3.32598
A	52	O	A	55	N	3.51549
A	52	O	A	56	N	2.87993
A	52	O	A	57	N	4.94658
A	52	SG	A	98	SG	2.03395
A	52	SG	A	101	CB	4.67046
A	52	CB	A	102	CD1	3.76835
A	52	SG	A	113	CD1	3.66782
A	52	CB	A	182	CD1	4.5092
A	52	CB	A	185	CZ3	4.02409
A	53	C	A	54	N	1.33197
A	53	C	A	55	N	3.21852
A	53	O	A	56	N	3.40941
A	53	O	A	57	N	3.05761
A	53	O	A	126	CZ	3.85205
A	53	CA	A	168	CD2	4.3209
A	53	O	A	174	CD2	3.51772
A	53	CA	A	182	CD2	4.3944
A	54	C	A	55	N	1.33005
A	54	C	A	56	N	3.29866
A	54	O	A	57	N	3.19325
A	54	O	A	58	CG	3.05122
A	54	CB	A	117	CD1	4.39201
A	54	CB	A	123	CD1	4.00193
A	54	CA	A	126	CZ	3.73039
A	55	C	A	56	N	1.32574
A	55	C	A	57	N	3.16491
A	55	O	A	58	N	3.13845
A	55	O	A	59	N	3.12369
A	55	O	A	64	CB	4.56539
A	55	CG1	A	94	CG1	3.7486
A	55	CG1	A	98	SG	4.25695
A	55	CG2	A	113	CD2	4.23275
A	55	CG2	A	116	OG1	4.25216
A	55	CG2	A	117	CG2	3.8187
A	56	C	A	57	N	1.32604
A	56	C	A	58	N	3.14747
A	56	O	A	59	N	3.07301
A	56	O	A	60	N	2.92228
A	56	CD2	A	66	CD2	4.65869
A	56	C	A	174	CD2	4.08466
A	56	CD1	A	178	O	3.4605
A	56	CD2	A	181	CG	4.05334
A	56	CD1	A	182	CB	3.65241
A	56	CD1	A	185	CZ3	3.96018
A	57	C	A	58	N	1.32845
A	57	C	A	59	N	3.31119
A	57	O	A	60	N	3.43438
A	57	O	A	61	N	3.22501
A	57	CB	A	126	CE1	3.63093
A	57	CB	A	173	CD1	4.58789
A	57	N	A	174	CD2	3.6145
A	58	C	A	59	N	1.32965
A	58	C	A	60	N	3.21581
A	58	O	A	61	N	3.34389
A	58	O	A	62	N	2.94977
A	58	O	A	63	N	2.76474
A	58	O	A	64	N	3.31976
A	58	NH2	A	116	O	3.15007
A	58	NE	A	117	CG2	4.52712
A	59	C	A	60	N	1.33098
A	59	C	A	61	N	3.32496
A	59	O	A	62	N	2.96993
A	59	O	A	63	N	4.68351
A	59	CA	A	64	O	3.48558
A	59	CG2	A	65	N	4.42542
A	59	CG1	A	66	CG	4.18413
A	60	C	A	61	N	1.32767
A	60	C	A	62	N	2.95717
A	60	OD1	A	173	O	4.56703
A	60	OD1	A	174	CA	3.53557
A	60	OD2	A	175	OG1	2.94442
A	60	OD2	A	178	OG	2.51096
A	61	C	A	62	N	1.32789
A	61	C	A	63	N	3.31361
A	62	C	A	63	N	1.32918
A	62	C	A	64	N	3.26248
A	62	O	A	65	NE2	3.90769
A	63	C	A	64	N	1.3256
A	63	C	A	65	NE2	3.81112
A	64	C	A	65	N	1.32899
A	64	C	A	66	N	4.41599
A	64	OE1	A	68	NH2	2.95815
A	64	OE2	A	94	CG2	3.60206
A	64	OE1	A	116	CB	3.87815
A	65	C	A	66	N	1.32704
A	65	C	A	67	N	3.23163
A	65	O	A	68	N	3.29413
A	65	O	A	94	CB	3.56528
A	66	C	A	67	N	1.33258
A	66	C	A	68	N	3.37244
A	66	O	A	93	CB	3.6284
A	66	O	A	94	N	3.55992
A	66	O	A	95	N	2.94279
A	66	CD2	A	181	NE2	4.61326
A	66	CD2	A	185	CH2	4.64224
A	67	C	A	68	N	1.32811
A	67	O	A	69	N	3.10817
A	67	O	A	93	CG2	3.71865
A	67	C	A	94	N	4.93676
A	68	C	A	69	N	1.33035
A	68	O	A	70	N	3.794
A	68	O	A	92	O	4.20095
A	68	O	A	93	CA	3.34133
A	68	O	A	94	N	3.0576
A	68	NH2	A	116	CG2	3.72185
A	69	C	A	70	N	1.32711
A	69	CD	A	71	NE2	3.37099
A	69	NH1	A	90	OD1	3.38717
A	69	NH1	A	91	O	3.15606
A	69	NH1	A	92	N	3.48769
A	69	NH2	A	93	CG2	4.04835
A	69	NH1	A	96	OE1	4.40726
A	70	C	A	71	N	1.32757
A	70	O	A	72	CD1	3.63935
A	70	O	A	91	CA	3.61608
A	70	N	A	92	O	2.73167
A	70	N	A	93	CA	4.56997
A	70	CD1	A	94	CG2	4.13496
A	70	CD1	A	97	CD1	3.37273
A	70	CG2	A	112	CD2	4.39578
A	70	CD1	A	116	CG2	3.53168
A	71	C	A	72	N	1.32296
A	71	C	A	73	N	4.54699
A	71	CE1	A	90	O	3.6864
A	71	ND1	A	91	CA	4.32296
A	72	C	A	73	N	1.32688
A	72	C	A	74	N	4.76119
A	72	CB	A	76	OD2	3.21655
A	72	CE2	A	77	CD2	4.51394
A	72	OH	A	83	O	4.54301
A	72	OH	A	84	O	2.61445
A	72	OH	A	85	N	4.61898
A	72	OH	A	87	C	3.40851
A	72	OH	A	88	N	3.68221
A	72	CE1	A	91	CA	4.06191
A	72	OH	A	92	SD	3.47655
A	72	CD2	A	108	CG2	4.73491
A	72	CD1	A	112	CD1	3.59943
A	73	C	A	74	N	1.33099
A	73	O	A	75	N	3.03008
A	73	O	A	76	N	2.89863
A	73	O	A	77	N	3.90204
A	73	C	A	88	CD1	3.82619
A	74	C	A	75	N	1.32547
A	74	O	A	76	N	3.04368
A	74	O	A	77	N	3.08408
A	74	NE2	A	88	CD2	3.74687
A	75	C	A	76	N	1.32846
A	75	C	A	77	N	3.4072
A	76	C	A	77	N	1.32748
A	76	O	A	78	N	3.53416
A	76	O	A	108	CG2	3.63426
A	76	O	A	111	ND2	4.90779
A	76	CG	A	112	CD2	4.48478
A	77	C	A	78	N	1.33094
A	77	C	A	79	N	4.61738
A	77	CD2	A	81	CB	4.27049
A	77	CD2	A	84	OG1	4.2633
A	77	CD2	A	85	CA	4.40613
A	77	CD1	A	88	CD2	4.59809
A	77	CA	A	108	OG1	3.42034
A	78	C	A	79	N	1.32966
A	78	O	A	80	N	3.35365
A	78	O	A	81	OG	2.80309
A	78	CG2	A	107	CB	3.41499
A	78	N	A	108	OG1	3.0937
A	78	CG1	A	111	ND2	3.59574
A	78	CG1	A	141	O	3.8984
A	78	CB	A	142	CD	4.25982
A	79	C	A	80	N	1.32707
A	79	C	A	81	N	3.86932
A	79	O	A	107	OD1	3.07704
A	79	OE1	A	142	CG	3.80219
A	80	C	A	81	N	1.3293
A	80	C	A	82	CD	3.30921
A	80	OH	A	104	O	2.78049
A	80	CE2	A	105	O	3.43561
A	80	O	A	106	C	3.97689
A	80	O	A	107	N	3.01913
A	80	O	A	108	N	4.3459
A	80	OH	A	191	CG1	4.6253
A	81	C	A	82	N	1.33894
A	81	C	A	83	N	3.35065
A	81	CB	A	84	OG1	3.02153
A	81	O	A	85	CB	2.843
A	81	O	A	86	N	4.57632
A	81	C	A	106	OD1	3.28728
A	81	OG	A	107	C	4.5391
A	81	OG	A	108	OG1	2.34868
A	82	C	A	83	N	1.33005
A	82	C	A	84	N	3.68823
A	82	O	A	85	N	4.13319
A	82	O	A	86	CB	3.55652
A	82	CG	A	104	CE	4.49083
A	82	N	A	106	OD1	3.40331
A	83	C	A	84	N	1.32859
A	83	C	A	85	N	3.19843
A	83	O	A	86	N	3.12808
A	83	O	A	87	N	3.11774
A	83	CG1	A	92	CE	3.5969
A	83	CB	A	100	CB	3.98958
A	83	CG2	A	104	CG	4.00329
A	83	N	A	106	OD1	2.97022
A	84	C	A	85	N	1.32803
A	84	C	A	86	N	3.23776
A	84	O	A	87	N	3.37673
A	84	O	A	88	N	3.10222
A	84	CG2	A	92	SD	3.78787
A	84	CG2	A	97	CD2	4.23339
A	84	OG1	A	106	OD2	2.84162
A	84	OG1	A	108	CB	3.2468
A	84	CG2	A	109	N	3.68646
A	84	CG2	A	112	CD1	4.58608
A	85	C	A	86	N	1.32862
A	85	C	A	87	N	3.29208
A	85	O	A	88	CB	3.33012
A	85	N	A	106	OD1	4.99133
A	86	C	A	87	N	1.33422
A	86	C	A	88	N	3.33228
A	86	O	A	89	CG2	4.83609
A	87	C	A	88	N	1.32453
A	87	O	A	89	N	3.07515
A	87	O	A	90	N	3.00023
A	87	O	A	91	N	2.60829
A	87	CB	A	92	CG	3.53961
A	88	C	A	89	N	1.3252
A	88	C	A	90	N	3.46588
A	88	O	A	91	N	4.25322
A	89	C	A	90	N	1.32814
A	89	C	A	91	N	3.62874
A	90	C	A	91	N	1.32823
A	90	C	A	92	N	4.41971
A	91	C	A	92	N	1.32908
A	91	C	A	93	N	4.64408
A	91	O	A	96	OE1	4.38943
A	92	C	A	93	N	1.32772
A	92	O	A	94	N	4.16878
A	92	CA	A	96	OE1	3.2121
A	92	CB	A	97	CD2	3.90346
A	92	CE	A	100	CB	3.99369
A	93	C	A	94	N	1.32492
A	93	C	A	95	N	3.15848
A	93	N	A	96	OE1	2.70212
A	93	O	A	97	N	2.89048
A	94	C	A	95	N	1.32836
A	94	C	A	96	N	3.31098
A	94	O	A	97	N	3.14621
A	94	O	A	98	N	3.05916
A	94	O	A	113	CD2	4.12765
A	94	CG2	A	116	CG2	4.99157
A	95	C	A	96	N	1.32912
A	95	C	A	97	N	3.17233
A	95	O	A	98	N	3.28485
A	95	O	A	99	N	3.06884
A	95	NE	A	181	NE2	3.39634
A	95	O	A	185	CZ2	3.68954
A	96	C	A	97	N	1.32977
A	96	C	A	98	N	3.4068
A	96	O	A	99	N	3.48447
A	96	O	A	100	N	2.984
A	96	O	A	101	N	4.99549
A	97	C	A	98	N	1.33577
A	97	C	A	99	N	3.24065
A	97	O	A	100	N	3.25068
A	97	O	A	101	N	2.73307
A	97	O	A	102	N	4.87077
A	97	O	A	109	CB	3.54797
A	97	CD2	A	112	CD1	4.04462
A	97	C	A	113	CD1	3.70615
A	98	C	A	99	N	1.32569
A	98	C	A	100	N	3.25607
A	98	O	A	101	N	3.39369
A	98	O	A	102	N	2.92707
A	98	O	A	103	N	4.43224
A	98	SG	A	113	CD1	3.4553
A	98	CB	A	185	CH2	3.3201
A	99	C	A	100	N	1.32959
A	99	C	A	101	N	3.33947
A	99	O	A	102	N	3.51567
A	99	O	A	103	OG1	2.49952
A	99	O	A	104	N	3.89285
A	99	CB	A	185	NE1	3.77733
A	100	C	A	101	N	1.3277
A	100	C	A	102	N	3.39328
A	100	O	A	103	N	4.01013
A	100	O	A	104	N	3.00567
A	100	O	A	105	N	3.0904
A	100	O	A	106	N	3.1311
A	100	CB	A	109	CB	4.00015
A	101	C	A	102	N	1.32537
A	101	C	A	103	N	3.76812
A	101	O	A	104	C	4.28846
A	101	O	A	105	CA	2.99655
A	101	O	A	106	N	3.91224
A	101	N	A	109	CB	3.92647
A	101	CB	A	110	N	4.3028
A	101	CB	A	113	CD1	3.96786
A	101	O	A	209	CE	3.61359
A	102	C	A	103	N	1.32936
A	102	C	A	104	N	3.34707
A	102	O	A	105	N	4.03778
A	102	CD1	A	182	CD1	3.94485
A	102	CG2	A	185	O	3.74194
A	102	CG2	A	186	N	4.00236
A	102	O	A	189	OD1	3.95756
A	102	O	A	191	CG2	4.77685
A	102	CG2	A	208	O	4.70124
A	102	O	A	209	CE	2.93016
A	103	C	A	104	N	1.33327
A	103	C	A	105	N	3.79323
A	103	CG2	A	185	O	3.29166
A	103	CB	A	188	O	3.83928
A	103	O	A	189	OD1	3.79013
A	103	O	A	190	CG	2.98735
A	103	O	A	191	CG1	3.52147
A	103	N	A	209	CE	4.97785
A	104	C	A	105	N	1.33057
A	104	C	A	106	N	3.03625
A	104	SD	A	190	CE	3.31572
A	104	CA	A	191	CG1	3.92763
A	105	C	A	106	N	1.33189
A	105	O	A	107	N	2.96844
A	105	OG	A	191	CG2	4.24756
A	105	OG	A	209	NZ	2.57338
A	105	OG	A	210	O	4.44184
A	106	C	A	107	N	1.32973
A	106	OD2	A	108	N	3.08967
A	106	OD2	A	109	N	2.82059
A	106	O	A	110	N	3.25797
A	107	C	A	108	N	1.32706
A	107	C	A	109	N	3.23588
A	107	O	A	110	N	3.24933
A	107	O	A	111	N	3.16733
A	107	ND2	A	141	CD	3.25625
A	107	OD1	A	142	CB	4.31742
A	107	OD1	A	145	ND2	4.88639
A	108	C	A	109	N	1.3285
A	108	C	A	110	N	3.16834
A	108	O	A	111	N	3.12179
A	108	O	A	112	N	2.9572
A	108	O	A	113	N	4.949
A	109	C	A	110	N	1.32876
A	109	C	A	111	N	3.34206
A	109	O	A	112	N	3.38668
A	109	O	A	113	N	3.00337
A	110	C	A	111	N	1.329
A	110	C	A	112	N	3.27285
A	110	O	A	113	N	3.15845
A	110	O	A	114	N	2.77466
A	110	O	A	115	N	4.90115
A	110	CB	A	141	CG	4.14961
A	111	C	A	112	N	1.32786
A	111	C	A	113	N	3.22204
A	111	O	A	114	N	3.07796
A	111	O	A	115	N	2.82256
A	111	O	A	140	CZ3	3.28598
A	111	OD1	A	141	N	2.86481
A	112	C	A	113	N	1.33104
A	112	C	A	114	N	3.24193
A	112	O	A	115	N	2.97685
A	112	O	A	116	N	3.01702
A	113	C	A	114	N	1.32943
A	113	C	A	115	N	3.06246
A	113	O	A	116	OG1	2.56508
A	113	O	A	117	N	3.28694
A	114	C	A	115	N	1.32992
A	114	C	A	116	N	3.29541
A	114	O	A	117	N	3.17681
A	114	O	A	118	N	3.13611
A	114	O	A	119	N	2.75143
A	114	CD2	A	120	N	3.80166
A	114	CD2	A	123	CB	4.65935
A	114	CD2	A	137	CD2	3.5824
A	114	CD1	A	139	O	4.50723
A	114	CB	A	140	CZ3	3.51465
A	115	C	A	116	N	1.33144
A	115	C	A	117	N	3.09837
A	115	O	A	118	N	3.32876
A	115	CA	A	119	N	4.60597
A	115	OG1	A	140	CZ3	3.40794
A	116	C	A	117	N	1.33515
A	116	C	A	118	N	3.58672
A	117	C	A	118	N	1.32672
A	117	C	A	119	N	3.65048
A	117	O	A	122	CB	3.10668
A	117	CD1	A	123	N	3.90554
A	118	C	A	119	N	1.33095
A	118	O	A	120	N	4.47779
A	118	O	A	121	CE	3.53089
A	118	O	A	122	CG	3.33934
A	119	C	A	120	N	1.34495
A	119	O	A	121	N	3.28446
A	119	O	A	122	N	2.99118
A	119	O	A	123	N	3.41124
A	119	CA	A	140	CZ2	3.77388
A	120	C	A	121	N	1.32929
A	120	O	A	122	N	2.99309
A	120	O	A	123	N	2.82988
A	120	O	A	124	N	3.05659
A	120	CB	A	137	O	3.61094
A	120	CB	A	138	O	3.52151
A	120	CG	A	139	O	3.61927
A	120	CD	A	140	CE2	3.47101
A	121	C	A	122	N	1.32977
A	121	C	A	123	N	3.34471
A	121	O	A	124	N	3.36075
A	121	O	A	125	N	2.94288
A	121	N	A	137	O	4.23288
A	122	C	A	123	N	1.32866
A	122	C	A	124	N	3.19226
A	122	O	A	125	N	3.23476
A	122	O	A	126	N	2.83735
A	123	C	A	124	N	1.32585
A	123	C	A	125	N	3.23479
A	123	O	A	126	N	3.03287
A	123	O	A	127	N	2.9047
A	123	CD2	A	137	CD2	3.70278
A	124	C	A	125	N	1.32829
A	124	C	A	126	N	3.16021
A	124	O	A	127	N	3.07729
A	124	O	A	128	N	2.86109
A	124	O	A	129	N	4.99608
A	124	CG2	A	135	O	4.15153
A	124	OG1	A	136	CA	3.74252
A	124	OG1	A	137	O	2.95093
A	125	C	A	126	N	1.3323
A	125	C	A	127	N	3.21621
A	125	O	A	128	N	3.24307
A	125	O	A	129	N	3.01107
A	126	C	A	127	N	1.328
A	126	C	A	128	N	3.38158
A	126	O	A	129	N	3.44163
A	126	O	A	130	N	3.3037
A	126	CE2	A	168	CD2	4.13014
A	126	CZ	A	173	CD1	3.83864
A	127	C	A	128	N	1.33198
A	127	C	A	129	N	3.25767
A	127	O	A	130	CG	3.08957
A	127	O	A	131	N	3.35904
A	127	O	A	132	N	2.91758
A	127	O	A	133	N	4.94198
A	127	CD1	A	135	CG2	3.56638
A	127	CD1	A	136	N	4.71035
A	127	CD2	A	164	CG2	4.15371
A	128	C	A	129	N	1.3313
A	128	C	A	130	N	3.14164
A	128	O	A	131	N	2.91663
A	128	CA	A	132	O	3.41501
A	128	CD2	A	133	ND1	3.07903
A	129	C	A	130	N	1.32823
A	129	C	A	131	N	3.24206
A	130	C	A	131	N	1.33129
A	130	C	A	132	N	3.57271
A	130	CE	A	164	CG2	3.90723
A	130	O	A	167	NZ	2.73525
A	130	CE	A	168	CD2	4.10804
A	130	CB	A	173	CD2	4.18065
A	131	C	A	132	N	1.32976
A	131	O	A	133	N	3.49989
A	131	CA	A	167	NZ	3.67918
A	132	C	A	133	N	1.32861
A	132	OD1	A	134	N	2.86126
A	132	OD2	A	135	OG1	2.77573
A	132	OD2	A	156	OG1	4.98497
A	132	OD2	A	160	O	3.39317
A	132	OD2	A	161	N	4.68909
A	132	OD2	A	164	OG1	2.60355
A	132	N	A	167	NZ	4.45818
A	133	C	A	134	N	1.32815
A	133	C	A	135	N	4.0668
A	134	C	A	135	N	1.32548
A	134	O	A	136	N	3.32555
A	134	O	A	155	O	4.18412
A	134	CG1	A	156	C	4.52152
A	134	CG1	A	157	CE	3.39247
A	134	CB	A	160	CB	3.93305
A	135	C	A	136	N	1.32749
A	135	C	A	137	N	4.52096
A	135	CA	A	155	O	3.58337
A	135	OG1	A	156	OG1	2.68337
A	135	OG1	A	157	N	4.77193
A	135	OG1	A	160	CB	4.01235
A	135	OG1	A	161	N	4.5714
A	135	OG1	A	164	OG1	4.94196
A	136	C	A	137	N	1.33023
A	136	NH2	A	138	OD2	2.90698
A	136	CD	A	152	O	3.18205
A	136	NH2	A	153	CG	3.98781
A	136	O	A	154	CA	2.92694
A	136	N	A	155	O	3.15988
A	137	C	A	138	N	1.3259
A	137	CG	A	139	O	3.71718
A	137	CD1	A	144	CD2	4.20542
A	137	CD1	A	154	OD2	3.27006
A	138	C	A	139	N	1.32916
A	138	C	A	140	N	4.5974
A	138	OD1	A	152	O	4.41894
A	138	OD1	A	153	CA	3.24609
A	138	N	A	154	OD2	2.5443
A	139	C	A	140	N	1.33249
A	139	C	A	141	N	4.49932
A	139	CZ	A	143	O	3.49229
A	139	O	A	144	CD2	3.48525
A	139	NH2	A	145	N	4.91488
A	139	NH1	A	146	OE2	2.72195
A	139	NH2	A	147	N	4.59711
A	139	NH2	A	151	OD2	4.22589
A	139	NH1	A	153	NH2	3.30664
A	139	N	A	154	OD2	2.81576
A	140	C	A	141	N	1.33084
A	140	O	A	142	N	3.6417
A	140	O	A	143	N	3.15794
A	140	O	A	144	N	3.10445
A	141	C	A	142	N	1.34365
A	141	C	A	143	N	3.57837
A	141	N	A	144	CD2	3.64606
A	141	OE2	A	145	ND2	3.02459
A	142	C	A	143	N	1.32778
A	142	O	A	144	N	3.18063
A	142	O	A	145	N	3.28301
A	142	O	A	146	N	4.66496
A	143	C	A	144	N	1.33158
A	143	O	A	145	N	2.82119
A	143	O	A	146	N	2.98239
A	144	C	A	145	N	1.33061
A	144	C	A	146	N	3.40904
A	144	O	A	147	N	4.92173
A	144	CA	A	154	OD1	3.67242
A	145	C	A	146	N	1.32898
A	145	O	A	147	N	3.12435
A	145	OD1	A	212	O	3.78828
A	145	O	A	213	CA	4.03548
A	145	O	A	214	N	3.23296
A	146	C	A	147	N	1.32781
A	146	OE1	A	148	CD1	3.22091
A	146	OE2	A	153	NH2	4.0099
A	146	O	A	214	CB	3.48526
A	146	O	A	215	NH1	2.98349
A	147	C	A	148	N	1.32783
A	147	O	A	149	N	3.31871
A	147	CB	A	214	O	3.51892
A	147	O	A	215	CD	3.70258
A	147	CB	A	217	OG	3.19641
A	147	CB	A	239	OG1	4.35609
A	148	C	A	149	N	1.34351
A	148	O	A	150	N	3.28764
A	148	O	A	151	N	2.87335
A	148	CG1	A	153	NH2	4.83082
A	148	CD1	A	215	NH2	3.08474
A	149	C	A	150	N	1.33048
A	149	C	A	151	N	3.04751
A	149	CD	A	215	NE	4.01369
A	150	C	A	151	N	1.33255
A	150	O	A	152	N	3.51618
A	151	C	A	152	N	1.32886
A	151	OD2	A	153	NH2	2.8738
A	151	O	A	155	CG2	3.42655
A	152	C	A	153	N	1.32614
A	152	O	A	154	N	3.45258
A	152	O	A	155	OG1	2.72072
A	153	C	A	154	N	1.32301
A	153	O	A	155	N	3.04396
A	154	C	A	155	N	1.33114
A	154	C	A	156	N	4.56733
A	155	C	A	156	N	1.32794
A	155	C	A	157	N	4.73636
A	156	C	A	157	N	1.32507
A	156	C	A	158	N	4.3534
A	156	OG1	A	160	CB	4.22499
A	156	OG1	A	161	CB	3.69226
A	156	CG2	A	237	CE1	3.65401
A	157	C	A	158	N	1.34017
A	157	O	A	159	N	3.1343
A	157	O	A	160	N	2.97181
A	157	O	A	161	N	2.86783
A	157	O	A	162	N	4.86412
A	158	C	A	159	N	1.32736
A	158	C	A	160	N	3.33523
A	158	O	A	161	N	3.3827
A	158	O	A	162	N	2.98311
A	158	O	A	163	N	4.95723
A	158	O	A	235	CG1	4.00595
A	158	CG	A	237	CD1	4.62783
A	159	C	A	160	N	1.32543
A	159	C	A	161	N	3.27077
A	159	O	A	162	N	3.58306
A	159	O	A	163	OG1	3.07105
A	159	O	A	164	N	4.89027
A	160	C	A	161	N	1.32972
A	160	C	A	162	N	3.44235
A	160	O	A	163	N	3.65642
A	160	O	A	164	N	2.9973
A	160	O	A	165	N	4.90507
A	161	C	A	162	N	1.32758
A	161	C	A	163	N	3.30421
A	161	O	A	164	N	3.33579
A	161	O	A	165	N	2.79944
A	161	O	A	166	N	4.80865
A	161	CG	A	221	CG2	3.66722
A	161	CG	A	235	CG2	4.1195
A	161	CE	A	237	OH	3.49954
A	162	C	A	163	N	1.32615
A	162	C	A	164	N	3.26885
A	162	O	A	165	N	3.27032
A	162	O	A	166	N	2.88844
A	162	CB	A	233	CG2	3.89501
A	162	CA	A	235	CG2	3.7221
A	163	C	A	164	N	1.33016
A	163	C	A	165	N	3.32194
A	163	O	A	166	N	3.25581
A	163	O	A	167	N	2.93381
A	164	C	A	165	N	1.32999
A	164	C	A	166	N	3.14449
A	164	O	A	167	N	3.01507
A	164	O	A	168	N	2.90443
A	164	O	A	169	N	4.89678
A	165	C	A	166	N	1.33081
A	165	C	A	167	N	3.27597
A	165	O	A	168	N	3.25593
A	165	O	A	169	N	2.89086
A	165	O	A	170	N	4.79482
A	165	CD1	A	186	SD	4.26497
A	165	CD2	A	221	CB	4.03687
A	165	CD2	A	222	N	4.04933
A	165	CD2	A	223	N	4.95132
A	165	CD2	A	233	CD1	4.0146
A	166	C	A	167	N	1.33251
A	166	C	A	168	N	3.3078
A	166	O	A	169	N	3.27643
A	166	O	A	170	N	2.77863
A	166	O	A	171	N	3.55738
A	166	CB	A	233	CG1	4.46409
A	167	C	A	168	N	1.33
A	167	C	A	169	N	3.32409
A	167	O	A	170	N	3.83065
A	167	O	A	171	N	2.80386
A	167	O	A	172	N	4.71354
A	167	O	A	173	CB	4.17872
A	168	C	A	169	N	1.32835
A	168	C	A	170	N	3.59375
A	168	C	A	171	N	4.57654
A	168	CD2	A	173	CD1	4.5245
A	168	O	A	174	CD1	3.57439
A	168	O	A	179	CG	3.26777
A	168	CB	A	182	CD2	3.99882
A	169	C	A	170	N	1.32803
A	169	C	A	171	N	3.83076
A	169	O	A	179	CD	3.20693
A	169	CD2	A	182	CD2	4.03814
A	169	CD2	A	183	CG1	3.45455
A	169	CD2	A	186	SD	4.52141
A	169	CD1	A	223	CB	3.91859
A	169	CD1	A	233	CD1	4.17864
A	170	C	A	171	N	1.32658
A	170	O	A	172	N	4.11116
A	170	O	A	179	NH1	3.56157
A	171	C	A	172	N	1.32871
A	171	C	A	173	N	3.15696
A	171	O	A	174	O	3.86525
A	171	O	A	179	NH1	2.97822
A	172	C	A	173	N	1.32791
A	172	C	A	174	N	3.20922
A	172	O	A	175	N	4.95838
A	172	OE2	A	179	NH2	3.4809
A	173	C	A	174	N	1.32985
A	173	O	A	175	N	4.40928
A	174	C	A	175	N	1.32898
A	174	O	A	176	N	3.88889
A	174	CB	A	178	CB	3.76124
A	174	O	A	179	NE	3.00532
A	174	CD1	A	182	CD2	4.30469
A	175	C	A	176	N	1.32803
A	175	C	A	177	N	2.98153
A	175	O	A	178	N	2.98541
A	175	O	A	179	N	2.85974
A	175	O	A	180	N	4.83083
A	176	C	A	177	N	1.32891
A	176	C	A	178	N	3.39769
A	176	N	A	179	NH2	3.34156
A	176	O	A	180	N	3.02638
A	176	O	A	181	N	4.98625
A	177	C	A	178	N	1.32885
A	177	C	A	179	N	3.3752
A	177	O	A	180	N	3.33887
A	177	O	A	181	N	2.94639
A	178	C	A	179	N	1.32957
A	178	C	A	180	N	3.15149
A	178	O	A	181	N	2.95348
A	178	O	A	182	N	2.75851
A	178	O	A	183	N	4.78745
A	179	C	A	180	N	1.32602
A	179	C	A	181	N	3.24223
A	179	O	A	182	N	3.3088
A	179	O	A	183	CG1	2.84114
A	179	O	A	184	N	4.83078
A	180	C	A	181	N	1.32883
A	180	C	A	182	N	3.3305
A	180	O	A	183	N	3.53535
A	180	NE2	A	184	OD1	2.56155
A	180	O	A	185	N	4.97515
A	181	C	A	182	N	1.32747
A	181	C	A	183	N	3.32936
A	181	O	A	184	N	3.30945
A	181	O	A	185	N	3.0215
A	182	C	A	183	N	1.3283
A	182	C	A	184	N	3.25233
A	182	O	A	185	N	3.35416
A	182	O	A	186	N	3.13188
A	183	C	A	184	N	1.33372
A	183	C	A	185	N	3.30212
A	183	O	A	186	N	3.19398
A	183	O	A	187	N	2.75598
A	183	O	A	188	N	4.91325
A	183	CG2	A	205	CZ	3.67501
A	183	O	A	207	CB	3.84716
A	184	C	A	185	N	1.3306
A	184	C	A	186	N	3.22552
A	184	O	A	187	N	3.24095
A	184	O	A	188	N	3.00595
A	185	C	A	186	N	1.32958
A	185	C	A	187	N	3.24233
A	185	O	A	188	N	3.15158
A	185	O	A	189	N	3.25905
A	186	C	A	187	N	1.32774
A	186	C	A	188	N	3.16189
A	186	O	A	189	N	3.15287
A	186	O	A	197	NH2	3.49816
A	186	O	A	206	O	4.44264
A	186	CB	A	207	CB	3.5957
A	186	O	A	208	N	3.06283
A	186	CE	A	209	N	4.16463
A	186	CE	A	221	CG1	4.27449
A	186	CE	A	222	CA	4.86559
A	187	C	A	188	N	1.32882
A	187	C	A	189	N	3.16374
A	187	O	A	197	NH2	3.02577
A	187	OE1	A	205	CE1	3.18217
A	187	CA	A	206	O	3.5684
A	187	N	A	207	CA	3.80793
A	187	N	A	208	N	4.52506
A	188	C	A	189	N	1.33333
A	188	O	A	190	N	3.03308
A	188	N	A	197	NH2	4.68877
A	189	C	A	190	N	1.32995
A	189	OD1	A	191	N	3.01698
A	189	OD2	A	192	CB	3.05823
A	189	O	A	197	NH2	3.41026
A	189	OD2	A	208	OD2	2.80038
A	189	OD2	A	209	CA	3.72968
A	189	OD2	A	210	N	4.0726
A	190	C	A	191	N	1.33145
A	190	C	A	192	N	3.63317
A	190	O	A	193	N	4.99278
A	191	C	A	192	N	1.32883
A	191	C	A	193	N	3.66303
A	191	CG2	A	209	NZ	4.74719
A	191	O	A	210	OG	3.34131
A	192	C	A	193	N	1.33072
A	192	O	A	194	N	3.34847
A	192	O	A	195	N	3.10652
A	192	O	A	196	N	4.73745
A	192	O	A	197	CD	3.89578
A	192	CB	A	208	OD1	3.80535
A	192	CB	A	210	OG	3.61886
A	192	CB	A	220	CD1	4.60225
A	193	C	A	194	N	1.34611
A	193	O	A	195	N	3.07112
A	193	O	A	197	CB	3.88984
A	193	O	A	198	N	3.40819
A	194	C	A	195	N	1.33017
A	194	C	A	196	N	4.61987
A	194	O	A	198	OG	3.46217
A	194	CG	A	218	NH2	4.29871
A	194	O	A	249	O	3.8196
A	194	O	A	253	CB	3.96594
A	195	C	A	196	N	1.32766
A	195	O	A	197	N	2.68136
A	195	O	A	198	N	2.5983
A	195	O	A	199	N	4.1961
A	195	CD1	A	210	CB	3.52241
A	195	CD1	A	218	NH2	3.71506
A	195	CD1	A	219	O	4.31468
A	195	CB	A	220	CD1	3.78975
A	195	CD2	A	249	OD1	3.21676
A	195	CD2	A	252	CG2	3.59312
A	195	C	A	253	CA	4.77527
A	196	C	A	197	N	1.3294
A	196	O	A	198	N	3.05193
A	196	O	A	199	N	2.89834
A	196	O	A	200	N	3.32819
A	196	CB	A	206	CD1	3.96924
A	196	CG	A	220	CD1	3.82859
A	196	CD1	A	222	CB	3.83045
A	196	CD1	A	234	CG1	4.5632
A	196	CD2	A	236	CD1	4.11719
A	196	CD2	A	252	O	4.27646
A	196	N	A	253	CA	4.96057
A	196	CD2	A	256	CA	3.65145
A	196	O	A	260	CD1	4.52132
A	197	C	A	198	N	1.33004
A	197	O	A	199	N	2.95332
A	197	O	A	200	N	3.04819
A	197	NH2	A	206	O	3.71684
A	197	NH2	A	207	CA	4.85822
A	197	NH2	A	208	OD2	3.08019
A	198	C	A	199	N	1.32692
A	198	C	A	200	N	3.62035
A	198	OG	A	253	CB	3.70384
A	199	C	A	200	N	1.32544
A	199	O	A	201	CD	3.3609
A	199	CB	A	253	O	4.4722
A	199	CB	A	256	C	4.34817
A	199	CB	A	257	CA	3.9577
A	199	O	A	260	CD1	2.80463
A	200	C	A	201	N	1.34077
A	200	O	A	202	N	3.68805
A	200	CD1	A	204	CB	3.39681
A	200	CD2	A	205	C	4.49748
A	200	CD2	A	206	CG2	3.38827
A	200	CD1	A	224	CD1	4.13129
A	200	N	A	260	CD1	3.58625
A	201	C	A	202	N	1.32902
A	201	O	A	203	N	3.3627
A	201	O	A	204	N	3.09115
A	201	CG	A	260	CG2	3.58184
A	202	C	A	203	N	1.32916
A	202	C	A	204	N	3.267
A	203	C	A	204	N	1.32816
A	203	O	A	205	N	3.88113
A	203	O	A	225	O	4.93668
A	203	O	A	226	C	4.34662
A	203	O	A	227	N	3.51093
A	203	O	A	228	N	2.64475
A	204	C	A	205	N	1.32342
A	204	O	A	206	N	4.18056
A	204	CZ3	A	224	CD1	4.17673
A	204	CA	A	225	O	3.35978
A	204	CE2	A	226	CB	3.47877
A	204	CA	A	227	N	4.25223
A	204	CA	A	228	N	4.23138
A	204	CH2	A	260	CG2	4.19481
A	204	CH2	A	263	CD2	3.47225
A	205	C	A	206	N	1.32874
A	205	CE2	A	207	N	3.88371
A	205	CE2	A	223	O	3.85562
A	205	O	A	224	CA	3.07544
A	205	N	A	225	O	2.72907
A	205	N	A	226	CA	4.86038
A	205	CB	A	228	C	3.29704
A	205	CB	A	229	N	3.31155
A	205	CD2	A	230	CD	3.46316
A	206	C	A	207	N	1.32908
A	206	CD1	A	208	OD1	3.7891
A	206	CG1	A	222	CB	4.45051
A	206	CA	A	223	O	3.38025
A	206	CG1	A	224	CB	4.07343
A	207	C	A	208	N	1.32698
A	207	C	A	209	N	4.70367
A	207	O	A	221	O	4.21702
A	207	O	A	222	CA	3.28927
A	207	N	A	223	O	2.89018
A	208	C	A	209	N	1.32649
A	208	C	A	210	N	4.43697
A	208	OD1	A	220	CD1	3.76823
A	208	CB	A	221	O	3.29743
A	208	CB	A	222	CB	3.59677
A	209	C	A	210	N	1.32495
A	209	C	A	211	N	4.47359
A	209	O	A	219	O	4.33927
A	209	O	A	220	CA	3.40358
A	209	O	A	221	N	3.04444
A	210	C	A	211	N	1.32948
A	210	C	A	212	N	4.69638
A	210	OG	A	218	NH1	4.22306
A	210	CA	A	219	O	3.1541
A	210	CA	A	220	CA	3.99219
A	211	C	A	212	N	1.32795
A	211	C	A	213	N	4.62261
A	211	O	A	217	O	4.43079
A	211	O	A	218	NH1	3.08157
A	211	N	A	219	O	2.76197
A	211	N	A	220	N	4.78434
A	212	C	A	213	N	1.33261
A	212	C	A	214	N	4.82374
A	212	CA	A	217	O	3.41817
A	212	CB	A	218	NH1	3.5521
A	212	N	A	219	N	4.93984
A	212	CB	A	245	CE	4.02785
A	213	C	A	214	N	1.33157
A	213	O	A	215	N	3.94849
A	213	O	A	216	N	3.88055
A	213	N	A	217	O	2.93835
A	213	N	A	218	N	4.85908
A	213	O	A	248	NH1	4.28708
A	214	C	A	215	N	1.33259
A	214	C	A	216	N	3.19052
A	214	O	A	217	OG	2.81486
A	214	O	A	239	OG1	4.67547
A	215	C	A	216	N	1.32673
A	215	O	A	217	N	3.13321
A	215	O	A	239	C	3.83815
A	215	O	A	240	N	2.79274
A	215	O	A	241	O	3.57564
A	216	C	A	217	N	1.3291
A	216	O	A	218	N	3.48625
A	216	O	A	238	O	3.83605
A	216	O	A	239	CA	4.04752
A	216	C	A	240	N	4.59334
A	216	CA	A	241	O	3.46749
A	216	CA	A	248	NH1	3.04696
A	217	C	A	218	N	1.3253
A	217	C	A	219	N	4.61497
A	217	CA	A	238	O	3.28117
A	217	OG	A	239	OG1	2.73475
A	217	N	A	240	N	4.85269
A	217	O	A	248	NH1	3.38336
A	218	C	A	219	N	1.32872
A	218	C	A	220	N	4.75412
A	218	O	A	236	O	4.14922
A	218	O	A	237	CA	3.44366
A	218	O	A	238	N	2.97099
A	218	NE	A	245	SD	3.75589
A	218	CB	A	248	NH1	4.38235
A	218	NH2	A	249	OD1	2.69197
A	218	CG	A	252	CD1	3.32449
A	219	C	A	220	N	1.32691
A	219	C	A	221	N	4.61073
A	219	CA	A	236	O	3.06976
A	219	CA	A	237	CD2	3.92086
A	219	N	A	252	CD1	4.58064
A	220	C	A	221	N	1.3256
A	220	C	A	222	N	4.32305
A	220	O	A	234	O	3.92688
A	220	O	A	235	CA	3.56885
A	220	N	A	236	O	2.88888
A	220	N	A	237	CE2	4.81566
A	220	CG2	A	252	CG2	4.31591
A	221	C	A	222	N	1.32409
A	221	C	A	223	N	4.68989
A	221	CA	A	234	O	3.4276
A	221	CG2	A	235	CG2	4.18849
A	221	CG2	A	237	OH	3.65197
A	222	C	A	223	N	1.32606
A	222	C	A	224	N	4.13449
A	222	O	A	232	O	3.92381
A	222	O	A	233	CA	3.19999
A	222	O	A	234	N	2.74134
A	223	C	A	224	N	1.33349
A	223	C	A	225	N	4.7099
A	223	C	A	230	CB	4.15282
A	223	CA	A	232	O	3.43156
A	223	CB	A	233	CD1	3.57239
A	223	N	A	234	N	4.84379
A	224	C	A	225	N	1.32934
A	224	C	A	226	N	4.83847
A	224	C	A	229	O	4.26251
A	224	O	A	230	CA	3.30097
A	224	O	A	231	N	2.76269
A	224	N	A	232	O	3.07448
A	224	CD2	A	234	CG2	3.6234
A	224	CD1	A	259	CD1	4.05037
A	224	CD1	A	260	CG1	4.72869
A	224	O	A	263	CH2	3.58138
A	225	C	A	226	N	1.34168
A	225	O	A	227	N	4.1388
A	225	O	A	228	N	4.44024
A	225	CA	A	229	O	2.95655
A	225	N	A	230	CA	3.83354
A	225	CA	A	231	OG	3.8949
A	225	CA	A	263	CZ2	3.98095
A	226	C	A	227	N	1.32572
A	226	C	A	228	N	3.31461
A	226	O	A	229	N	3.38292
A	226	CD	A	231	OG	4.13535
A	226	CD	A	263	NE1	3.83318
A	227	C	A	228	N	1.32928
A	227	O	A	229	N	3.07611
A	228	C	A	229	N	1.32779
A	228	C	A	230	N	4.52486
A	229	C	A	230	N	1.34486
A	229	O	A	231	N	3.71164
A	230	C	A	231	N	1.32903
A	230	C	A	232	N	3.8732
A	231	C	A	232	N	1.33029
A	231	C	A	233	N	4.61708
A	231	OG	A	263	CZ2	2.95135
A	232	C	A	233	N	1.32595
A	232	O	A	234	N	4.04487
A	232	NH1	A	259	CD2	4.01352
A	232	NH1	A	262	O	4.66341
A	232	NH2	A	263	O	3.24438
A	233	C	A	234	N	1.32479
A	233	CG2	A	235	CG2	4.26241
A	234	C	A	235	N	1.32961
A	234	CG1	A	236	CG1	3.93743
A	234	CG2	A	259	CG	4.4713
A	235	C	A	236	N	1.32758
A	235	CG1	A	237	CE1	3.38291
A	236	C	A	237	N	1.33189
A	236	C	A	238	N	4.578
A	236	CD1	A	252	CG2	4.30543
A	236	CD1	A	255	CG2	4.14423
A	237	C	A	238	N	1.32697
A	237	C	A	239	N	4.6247
A	238	C	A	239	N	1.32516
A	238	C	A	240	N	4.7153
A	238	OG1	A	241	CB	4.78454
A	238	CG2	A	252	CD1	4.99967
A	239	C	A	240	N	1.33114
A	239	C	A	241	N	3.29492
A	240	C	A	241	N	1.32783
A	240	O	A	242	N	3.82619
A	241	C	A	242	N	1.3317
A	241	OG	A	243	N	3.03121
A	241	OG	A	248	CG	4.64118
A	242	C	A	243	N	1.33095
A	242	O	A	244	N	3.76646
A	243	C	A	244	N	1.33118
A	243	O	A	245	N	4.06364
A	243	CB	A	247	CB	3.90796
A	243	O	A	248	NE	3.32197
A	244	C	A	245	N	1.33058
A	244	C	A	246	N	3.15731
A	244	O	A	247	N	3.05383
A	244	O	A	248	N	2.93132
A	244	O	A	249	N	4.83825
A	245	C	A	246	N	1.33058
A	245	C	A	247	N	3.32502
A	245	CE	A	248	NH2	3.2206
A	245	O	A	249	N	2.7278
A	245	O	A	250	N	4.74409
A	246	C	A	247	N	1.32824
A	246	C	A	248	N	3.30846
A	246	O	A	249	N	3.22316
A	246	O	A	250	N	2.8177
A	247	C	A	248	N	1.32852
A	247	C	A	249	N	3.244
A	247	CG	A	250	NH2	3.0419
A	247	O	A	251	N	2.95846
A	248	C	A	249	N	1.33054
A	248	C	A	250	N	3.17356
A	248	O	A	251	N	3.54187
A	248	O	A	252	N	3.20082
A	249	C	A	250	N	1.32478
A	249	C	A	251	N	3.4779
A	249	O	A	252	N	3.53894
A	249	O	A	253	N	3.03278
A	250	C	A	251	N	1.32982
A	250	C	A	252	N	3.17611
A	250	O	A	253	N	2.97556
A	250	O	A	254	N	2.81992
A	250	O	A	255	N	4.93677
A	251	C	A	252	N	1.32805
A	251	C	A	253	N	3.31261
A	251	O	A	254	N	3.43137
A	251	O	A	255	N	3.08407
A	252	C	A	253	N	1.33011
A	252	C	A	254	N	3.3173
A	252	O	A	255	N	3.32236
A	252	O	A	256	N	3.04279
A	253	C	A	254	N	1.32865
A	253	C	A	255	N	3.17724
A	253	O	A	256	N	2.80594
A	253	O	A	257	N	2.6886
A	253	O	A	258	N	4.94113
A	254	C	A	255	N	1.33113
A	254	C	A	256	N	3.14537
A	254	O	A	257	N	3.20743
A	254	O	A	258	N	3.00729
A	254	O	A	259	N	4.99452
A	255	C	A	256	N	1.3308
A	255	C	A	257	N	3.31782
A	255	O	A	258	N	3.37954
A	255	O	A	259	N	2.94259
A	256	C	A	257	N	1.33082
A	256	C	A	258	N	3.25191
A	256	O	A	259	N	3.19855
A	256	O	A	260	N	2.80495
A	256	O	A	261	N	4.76616
A	257	C	A	258	N	1.32799
A	257	C	A	259	N	3.28356
A	257	O	A	260	N	3.22671
A	257	O	A	261	N	2.71985
A	257	O	A	262	N	4.94667
A	258	C	A	259	N	1.32686
A	258	C	A	260	N	3.20322
A	258	O	A	261	N	3.11875
A	258	O	A	262	N	2.98977
A	259	C	A	260	N	1.32636
A	259	C	A	261	N	3.38395
A	259	O	A	262	N	3.81335
A	259	O	A	263	N	3.60546
A	260	C	A	261	N	1.32776
A	260	O	A	262	N	3.37133
A	260	O	A	263	N	3.15704
A	261	C	A	262	N	1.3275
A	261	O	A	263	N	3.11053
A	262	C	A	263	N	1.32821
C	1	C	C	2	N	1.33004
C	1	C	C	3	N	4.48028
C	1	O	C	8	NZ	3.53726
C	2	C	C	3	N	1.32759
C	2	O	C	4	N	4.15109
C	2	O	C	8	NZ	2.96783
C	2	O	C	25	O	4.33808
C	2	O	C	29	ND2	2.7819
C	3	C	C	4	N	1.32703
C	3	O	C	5	CG2	3.22097
C	3	O	C	8	NZ	3.0787
C	3	O	C	25	O	4.65568
C	3	CA	C	29	OD1	3.12396
C	3	CB	C	43	O	3.7214
C	3	CG2	C	44	CA	3.75062
C	3	CG2	C	45	N	3.71159
C	4	C	C	5	N	1.33115
C	4	C	C	6	N	4.72377
C	4	CE	C	8	CB	3.71132
C	4	CE	C	9	N	3.40193
C	4	CE	C	12	CD1	4.31411
C	4	SD	C	25	CB	3.48103
C	4	N	C	29	CG	3.67166
C	4	CG	C	42	CB	3.84953
C	4	N	C	43	O	2.90585
C	4	O	C	44	CA	3.27565
C	4	O	C	45	N	4.60376
C	4	CE	C	54	CB	3.95198
C	4	CE	C	56	CZ	3.82543
C	4	O	C	75	CD2	3.67267
C	5	C	C	6	N	1.33065
C	5	C	C	7	N	3.36166
C	5	OG1	C	8	N	3.2898
C	5	O	C	9	N	3.05742
C	5	CA	C	75	CD2	3.99042
C	6	C	C	7	N	1.32989
C	6	C	C	8	N	3.2335
C	6	O	C	9	N	3.153
C	6	O	C	10	N	3.0001
C	6	O	C	11	N	4.92784
C	6	CA	C	75	O	3.3329
C	6	CA	C	76	CD2	3.76752
C	7	C	C	8	N	1.33233
C	7	C	C	9	N	3.26527
C	7	O	C	10	N	3.36822
C	7	O	C	11	N	2.81317
C	7	O	C	12	N	4.96271
C	8	C	C	9	N	1.32656
C	8	C	C	10	N	3.30183
C	8	O	C	11	N	3.14125
C	8	O	C	12	N	3.00031
C	8	CD	C	24	O	3.37068
C	8	NZ	C	25	O	3.1461
C	8	NZ	C	26	N	4.69561
C	8	NZ	C	29	ND2	3.977
C	9	C	C	10	N	1.32924
C	9	C	C	11	N	3.24301
C	9	O	C	12	N	3.16015
C	9	CD1	C	54	CB	3.82611
C	9	CD1	C	56	CE1	3.8638
C	9	O	C	70	NZ	2.78146
C	9	CE1	C	71	O	3.48759
C	9	CE1	C	72	CB	3.54962
C	9	CB	C	75	CD1	4.5968
C	9	CD2	C	76	CD1	3.78621
C	9	CE2	C	111	O	4.86304
C	10	C	C	11	N	1.32706
C	10	C	C	12	N	3.13922
C	10	O	C	13	NE2	2.97987
C	10	CA	C	70	NZ	4.10374
C	10	OG1	C	76	CD2	3.95075
C	11	C	C	12	N	1.33116
C	11	O	C	13	NE2	3.06863
C	11	O	C	16	CE	3.72686
C	11	NE2	C	24	CD1	3.72409
C	12	C	C	13	N	1.33167
C	12	C	C	14	N	4.4956
C	12	CA	C	16	SD	3.9574
C	12	CD1	C	21	CG1	4.03181
C	12	CG1	C	24	CG2	3.80713
C	12	CD1	C	25	CB	4.35037
C	12	CD1	C	56	CZ	3.28211
C	12	CG2	C	67	CG2	4.8028
C	12	O	C	70	NZ	2.68057
C	13	C	C	14	N	1.32705
C	13	O	C	15	N	3.45027
C	13	O	C	16	N	3.28916
C	13	O	C	67	CB	3.8004
C	13	C	C	70	CD	4.82169
C	14	C	C	15	N	1.32871
C	14	C	C	16	N	3.30135
C	14	CA	C	67	O	3.44637
C	14	CD2	C	68	C	3.83441
C	14	CE2	C	69	N	3.76418
C	14	CZ	C	70	CG	3.7444
C	14	CZ	C	114	CD	3.44878
C	14	CE2	C	115	N	4.93802
C	14	CE2	C	116	CE1	3.5231
C	14	C	C	119	OH	3.70152
C	15	C	C	16	N	1.32813
C	15	O	C	17	N	3.81644
C	15	O	C	20	OE1	4.46111
C	15	O	C	66	CB	3.28448
C	15	N	C	67	O	2.83031
C	15	CA	C	119	OH	2.97297
C	16	C	C	17	N	1.33009
C	16	O	C	18	N	4.27611
C	16	CA	C	20	OE1	3.06901
C	16	CB	C	21	CG2	4.51783
C	16	CE	C	24	CD1	3.95142
C	16	O	C	58	CE2	3.76127
C	16	O	C	65	O	3.75364
C	16	O	C	66	CA	3.25881
C	16	O	C	67	N	2.78818
C	17	C	C	18	N	1.32839
C	17	C	C	19	N	3.17312
C	17	N	C	20	OE1	2.77835
C	17	O	C	21	N	2.98958
C	17	C	C	58	CE2	3.82421
C	17	CB	C	63	O	4.1506
C	17	CG2	C	64	O	4.46105
C	17	CA	C	65	O	3.44533
C	17	CA	C	66	CA	4.8285
C	17	O	C	67	CG2	4.93003
C	18	C	C	19	N	1.3275
C	18	C	C	20	N	3.25392
C	18	O	C	21	N	3.09027
C	18	O	C	22	N	2.79531
C	18	O	C	23	N	4.8491
C	18	NH1	C	32	OG1	4.55294
C	18	NH1	C	38	O	2.77669
C	18	NH1	C	39	C	4.8559
C	18	CB	C	40	CD1	3.6005
C	18	N	C	58	CE2	3.55446
C	18	NH2	C	60	O	2.984
C	18	NH2	C	61	CA	3.55674
C	18	NE	C	62	O	3.24388
C	18	CD	C	63	CA	4.51097
C	18	N	C	65	O	4.26549
C	19	C	C	20	N	1.33276
C	19	C	C	21	N	3.23498
C	19	O	C	22	N	3.32527
C	19	NE2	C	23	OD1	2.74613
C	19	O	C	24	N	4.92048
C	20	C	C	21	N	1.33112
C	20	C	C	22	N	3.40364
C	20	O	C	23	N	3.47674
C	20	O	C	24	N	3.20304
C	21	C	C	22	N	1.32724
C	21	C	C	23	N	3.28866
C	21	O	C	24	N	3.03917
C	21	O	C	25	N	2.78276
C	21	O	C	26	N	4.42063
C	21	CG1	C	40	CG2	4.30118
C	21	CG1	C	42	SG	4.97173
C	21	CG1	C	56	CD2	3.61045
C	21	CG2	C	58	CZ	3.81228
C	21	CG2	C	67	CG2	3.57826
C	22	C	C	23	N	1.33157
C	22	C	C	24	N	3.16236
C	22	O	C	25	N	3.55613
C	22	O	C	26	N	2.68923
C	22	O	C	27	N	3.31068
C	22	CD2	C	30	CB	4.04912
C	22	CD2	C	40	CG2	3.96549
C	23	C	C	24	N	1.33171
C	23	C	C	25	N	3.71846
C	23	C	C	26	N	4.2407
C	24	C	C	25	N	1.32756
C	24	C	C	26	N	3.27686
C	25	C	C	26	N	1.33021
C	25	C	C	27	N	4.36343
C	25	O	C	29	ND2	2.91801
C	25	CB	C	30	SG	3.72272
C	25	CB	C	42	SG	3.66491
C	25	CB	C	56	CE2	4.86243
C	26	C	C	27	N	1.33071
C	26	O	C	28	N	3.02577
C	26	O	C	29	N	2.84712
C	26	O	C	30	SG	3.62492
C	27	C	C	28	N	1.32638
C	27	C	C	29	N	3.13139
C	27	O	C	30	N	3.06204
C	28	C	C	29	N	1.32831
C	28	C	C	30	N	3.31968
C	29	C	C	30	N	1.32875
C	29	O	C	31	N	4.48462
C	29	O	C	41	O	3.80519
C	29	O	C	42	CA	3.20496
C	29	O	C	43	N	2.83282
C	30	C	C	31	N	1.32615
C	30	C	C	32	N	4.71324
C	30	CB	C	40	CG2	3.72266
C	30	CA	C	41	O	3.09841
C	30	SG	C	42	SG	2.04254
C	30	N	C	43	N	4.84478
C	31	C	C	32	N	1.32577
C	31	C	C	33	N	4.70885
C	31	OE1	C	36	CE1	4.10206
C	31	O	C	39	O	3.80076
C	31	O	C	40	CA	3.52595
C	31	N	C	41	O	2.85486
C	31	N	C	42	N	4.93169
C	31	OE2	C	43	NE	4.32236
C	31	OE2	C	50	OH	3.87286
C	32	C	C	33	N	1.32683
C	32	O	C	34	N	4.0586
C	32	OG1	C	37	O	3.34372
C	32	OG1	C	38	C	3.63771
C	32	OG1	C	39	O	2.89644
C	32	CB	C	40	CG1	4.75013
C	33	C	C	34	N	1.32816
C	33	O	C	35	N	3.44482
C	33	O	C	36	N	3.24453
C	33	N	C	37	O	2.7067
C	33	N	C	38	CA	4.84898
C	33	N	C	39	O	4.45186
C	34	C	C	35	N	1.32702
C	34	C	C	36	N	3.09853
C	34	O	C	37	N	3.4007
C	35	C	C	36	N	1.32994
C	35	C	C	37	N	3.44206
C	36	C	C	37	N	1.32881
C	36	O	C	38	N	3.15215
C	36	O	C	39	N	2.91671
C	36	CE2	C	41	ND1	3.42991
C	36	CZ	C	50	OH	4.64766
C	36	CE2	C	55	OG1	4.43526
C	37	C	C	38	N	1.32674
C	37	C	C	39	N	3.35743
C	38	C	C	39	N	1.32875
C	38	O	C	40	N	4.08417
C	38	O	C	58	CD1	3.9681
C	38	OD1	C	60	C	3.98977
C	38	OD1	C	61	CB	3.5225
C	39	C	C	40	N	1.33101
C	39	O	C	41	N	4.01778
C	39	CB	C	55	CG2	4.08597
C	39	CB	C	56	O	3.12717
C	39	OG	C	57	CA	3.826
C	39	CA	C	58	CD1	4.42749
C	40	C	C	41	N	1.33035
C	40	CG2	C	42	SG	3.88874
C	40	O	C	54	O	3.92276
C	40	O	C	55	CA	3.47869
C	40	O	C	56	N	2.74248
C	40	CD1	C	58	CZ	3.60748
C	41	C	C	42	N	1.3311
C	41	NE2	C	43	CG	4.08953
C	41	NE2	C	50	OH	2.49726
C	41	CE1	C	53	CD1	3.22408
C	41	CA	C	54	O	3.45725
C	41	ND1	C	55	OG1	2.91284
C	41	N	C	56	N	4.83658
C	42	C	C	43	N	1.32702
C	42	O	C	44	N	4.22596
C	42	O	C	52	O	4.22957
C	42	O	C	53	CA	3.29104
C	42	N	C	54	O	2.89327
C	42	SG	C	56	CE2	4.2026
C	43	C	C	44	N	1.33104
C	43	C	C	45	N	4.60208
C	43	CD	C	50	OH	2.98908
C	43	NH1	C	51	CE1	3.59712
C	43	CA	C	52	O	3.59589
C	43	CA	C	53	CB	4.49299
C	44	C	C	45	N	1.33205
C	44	O	C	46	N	3.8711
C	44	O	C	51	CD2	3.34156
C	44	N	C	52	O	2.71921
C	44	N	C	53	CA	4.57733
C	44	CA	C	75	CD2	4.53824
C	45	C	C	46	N	1.3304
C	45	O	C	47	N	3.425
C	45	O	C	50	O	4.70108
C	45	O	C	51	CB	3.32274
C	45	O	C	52	N	3.07121
C	45	CE1	C	74	O	4.79765
C	45	CE1	C	139	O	2.94204
C	45	CE1	C	140	CG2	3.58686
C	46	C	C	47	N	1.329
C	46	C	C	48	N	4.07434
C	46	CA	C	50	O	3.57006
C	46	CA	C	51	CD2	3.55484
C	46	C	C	52	N	4.86366
C	46	O	C	139	O	4.53597
C	46	O	C	140	CG2	3.86776
C	47	C	C	48	N	1.33004
C	47	O	C	49	N	3.54198
C	47	N	C	50	O	2.87654
C	47	N	C	51	CA	3.52853
C	47	CB	C	52	N	3.75118
C	47	CB	C	74	CD	3.68766
C	47	CB	C	139	O	3.43615
C	47	C	C	140	O	3.26267
C	48	C	C	49	N	1.33093
C	48	C	C	50	N	3.16297
C	48	N	C	140	O	3.47207
C	49	C	C	50	N	1.32735
C	49	C	C	51	N	4.70546
C	50	C	C	51	N	1.32687
C	50	C	C	52	N	4.73623
C	50	CE2	C	53	CD2	4.21792
C	51	C	C	52	N	1.33041
C	51	O	C	53	CD2	3.72667
C	51	O	C	73	O	4.96049
C	52	C	C	53	N	1.32295
C	52	C	C	54	N	4.70746
C	52	CA	C	73	O	3.28734
C	52	CB	C	74	O	3.24151
C	52	CB	C	75	CD2	3.75641
C	52	CB	C	139	O	4.32308
C	53	C	C	54	N	1.32515
C	53	CD1	C	55	OG1	3.60471
C	53	O	C	71	O	4.24509
C	53	O	C	72	CA	3.10756
C	53	OH	C	73	OE1	2.62421
C	53	O	C	75	CD1	3.14216
C	53	OH	C	112	NE1	4.72826
C	54	C	C	55	N	1.32591
C	54	CB	C	56	CZ	3.75833
C	54	CA	C	71	O	3.05188
C	54	CA	C	72	CA	4.02354
C	54	N	C	73	N	4.96276
C	54	CB	C	75	CD1	3.49871
C	55	C	C	56	N	1.32744
C	55	O	C	57	N	4.02406
C	55	O	C	69	O	3.83294
C	55	O	C	70	CA	3.93015
C	55	N	C	71	O	2.83353
C	55	N	C	72	N	4.81486
C	56	C	C	57	N	1.32931
C	56	O	C	58	CE1	3.42432
C	56	CB	C	67	CG1	4.69382
C	56	CA	C	69	O	3.45824
C	56	CD1	C	70	CG	4.07369
C	57	C	C	58	N	1.32768
C	57	C	C	59	N	4.54165
C	57	O	C	66	O	3.97797
C	57	O	C	67	CA	3.23521
C	57	O	C	68	N	2.94272
C	57	N	C	69	O	2.92351
C	58	C	C	59	N	1.33085
C	58	C	C	60	N	3.07894
C	58	CD2	C	65	O	3.90146
C	58	CA	C	66	O	3.28657
C	58	CE2	C	67	CG2	3.38606
C	58	N	C	68	OD1	3.24889
C	58	N	C	69	OG	4.87318
C	59	C	C	60	N	1.32755
C	59	C	C	61	N	4.80034
C	59	OG1	C	65	CB	3.59969
C	59	N	C	66	O	2.98122
C	59	N	C	68	OD2	3.42371
C	59	CG2	C	119	CD1	4.09708
C	60	C	C	61	N	1.32908
C	60	OG	C	62	N	3.2605
C	60	O	C	65	CB	3.07353
C	61	C	C	62	N	1.32951
C	61	O	C	63	N	3.71228
C	61	C	C	65	CB	4.69291
C	62	C	C	63	N	1.328
C	62	C	C	64	N	3.1401
C	62	O	C	65	N	3.15287
C	63	C	C	64	N	1.33149
C	63	C	C	65	N	3.27378
C	64	C	C	65	N	1.33061
C	64	O	C	66	CD	3.03428
C	65	C	C	66	N	1.33185
C	65	C	C	67	N	4.45907
C	66	C	C	67	N	1.33236
C	66	O	C	68	N	3.31035
C	66	CB	C	119	CE1	4.14837
C	67	C	C	68	N	1.32951
C	67	CG1	C	69	O	3.65609
C	67	CG1	C	70	CG	4.10468
C	67	O	C	119	CE2	3.97627
C	68	C	C	69	N	1.33002
C	68	C	C	70	N	4.60212
C	68	O	C	114	O	4.08816
C	68	O	C	115	CD2	3.20108
C	68	O	C	116	N	3.02679
C	68	CB	C	119	CB	3.83752
C	69	C	C	70	N	1.32411
C	69	C	C	71	N	4.25272
C	69	CA	C	114	O	2.97672
C	69	CB	C	115	CD2	3.73841
C	70	C	C	71	N	1.32554
C	70	C	C	72	N	4.52959
C	70	O	C	112	O	3.84631
C	70	O	C	113	CA	3.38219
C	70	N	C	114	O	2.83573
C	71	C	C	72	N	1.32796
C	71	C	C	73	N	4.66718
C	71	CA	C	112	O	2.94599
C	71	OG	C	113	OG	3.37666
C	71	OG	C	114	N	4.73007
C	72	C	C	73	N	1.32585
C	72	OE1	C	74	N	3.52796
C	72	OE1	C	75	N	2.83786
C	72	OE1	C	76	N	3.15204
C	72	NE2	C	110	OG1	3.92425
C	72	NE2	C	111	O	3.02379
C	72	N	C	112	O	2.92797
C	72	NE2	C	130	OG	4.74934
C	73	C	C	74	N	1.33068
C	73	C	C	75	N	3.27672
C	73	CG	C	112	NE1	3.46539
C	73	OE2	C	143	OH	4.04676
C	74	C	C	75	N	1.32541
C	74	C	C	76	N	3.62314
C	74	O	C	137	OH	3.37404
C	74	NZ	C	138	O	3.34115
C	74	CD	C	139	O	3.15428
C	74	CE	C	140	O	4.01187
C	74	NZ	C	141	O	2.99189
C	74	NZ	C	142	CA	4.77712
C	74	NZ	C	143	CE1	3.23218
C	75	C	C	76	N	1.32546
C	75	O	C	77	N	4.10175
C	75	N	C	137	OH	4.00435
C	76	C	C	77	N	1.32428
C	76	O	C	78	N	4.0262
C	76	O	C	110	CG2	3.36814
C	76	CD1	C	111	O	4.44083
C	76	O	C	137	CE1	3.53964
C	77	C	C	78	N	1.34093
C	77	O	C	79	N	3.44245
C	77	C	C	110	CG2	3.80183
C	77	CB	C	137	CE2	3.67413
C	78	C	C	79	N	1.33094
C	78	C	C	80	N	3.43154
C	78	O	C	81	CD	4.02275
C	78	CB	C	107	O	3.67094
C	78	CB	C	108	O	3.76707
C	78	CB	C	109	N	4.61413
C	78	N	C	110	CG2	3.73284
C	78	CG	C	132	CD1	4.06499
C	78	CD	C	137	CG	3.4839
C	79	C	C	80	N	1.32711
C	79	C	C	81	CD	3.97144
C	79	OG	C	106	O	4.96544
C	79	N	C	107	O	3.46561
C	80	C	C	81	N	1.33778
C	80	O	C	82	N	3.31439
C	80	N	C	107	O	2.78308
C	80	O	C	108	N	3.71711
C	81	C	C	82	N	1.33239
C	81	C	C	83	N	3.7443
C	81	N	C	107	O	3.21264
C	81	C	C	108	OG	3.79452
C	81	CB	C	132	O	3.18143
C	81	CB	C	133	O	3.09109
C	81	O	C	134	CA	3.62558
C	82	C	C	83	N	1.32948
C	82	O	C	84	CG2	3.49181
C	82	O	C	87	CD	3.64671
C	82	OG1	C	104	O	3.59004
C	82	OG1	C	105	CA	3.45228
C	82	N	C	108	OG	2.85899
C	82	N	C	132	O	3.80874
C	82	C	C	133	CA	4.65527
C	82	N	C	134	N	4.79534
C	83	C	C	84	N	1.32776
C	83	C	C	85	N	4.72378
C	83	CD1	C	87	CB	4.40142
C	83	CD1	C	88	N	4.05284
C	83	N	C	104	O	3.7339
C	83	N	C	108	OG	3.35058
C	83	CD2	C	131	O	3.63869
C	83	CB	C	132	O	3.34414
C	83	O	C	133	CB	2.92021
C	83	O	C	134	N	4.32206
C	83	CD2	C	146	C	4.60418
C	83	CD2	C	147	CB	3.78122
C	83	CD2	C	164	CD1	3.68751
C	84	C	C	85	N	1.32889
C	84	C	C	86	N	3.24693
C	84	OG1	C	87	N	2.93922
C	84	O	C	88	N	2.84112
C	84	O	C	89	N	4.98581
C	84	N	C	133	CB	4.72415
C	84	O	C	164	CD1	4.08608
C	84	CA	C	165	O	3.78225
C	85	C	C	86	N	1.32833
C	85	C	C	87	N	3.30512
C	85	O	C	88	N	3.13022
C	85	O	C	89	N	2.90802
C	85	CD1	C	161	NE2	3.94092
C	85	CD2	C	164	O	3.44171
C	85	N	C	165	O	2.89662
C	86	C	C	87	N	1.33018
C	86	C	C	88	N	3.21454
C	86	O	C	89	N	3.16613
C	86	O	C	90	N	3.20207
C	86	N	C	165	O	4.59046
C	87	C	C	88	N	1.33152
C	87	C	C	89	N	3.30727
C	87	O	C	90	N	3.12843
C	87	O	C	91	N	3.54698
C	87	O	C	103	CG2	3.26938
C	87	CD	C	104	CA	4.56643
C	87	NZ	C	105	N	4.89388
C	88	C	C	89	N	1.32982
C	88	C	C	90	N	3.06786
C	88	O	C	91	N	3.06792
C	88	CD1	C	147	CB	3.85441
C	88	CE1	C	149	CD2	4.12203
C	88	O	C	159	NZ	2.93525
C	88	CZ	C	160	N	3.60666
C	88	CE1	C	161	CB	3.5557
C	88	CB	C	164	CD1	3.82824
C	89	C	C	90	N	1.33141
C	89	C	C	91	N	3.1981
C	89	O	C	92	CG2	4.99656
C	89	O	C	159	NZ	3.6576
C	90	C	C	91	N	1.33103
C	90	O	C	92	N	3.68874
C	90	O	C	95	CE	3.62817
C	90	CB	C	103	CG2	3.79166
C	90	N	C	159	NZ	4.63672
C	91	C	C	92	N	1.33131
C	91	C	C	93	N	4.5242
C	91	CA	C	95	SD	4.07049
C	91	CG1	C	100	CG2	4.55267
C	91	CG2	C	103	CG2	3.59962
C	91	CG2	C	104	CG1	3.48214
C	91	CG1	C	149	CD2	4.90662
C	91	CG1	C	156	CD2	3.33932
C	91	O	C	159	NZ	2.7046
C	92	C	C	93	N	1.32814
C	92	O	C	94	N	3.23215
C	92	O	C	95	N	3.11341
C	92	O	C	156	CD2	3.47987
C	92	N	C	159	NZ	4.77578
C	93	C	C	94	N	1.33076
C	93	C	C	95	N	3.44569
C	93	CG1	C	156	O	3.56248
C	93	CG2	C	157	O	3.48857
C	93	CG2	C	158	CA	4.31336
C	94	C	C	95	N	1.33108
C	94	O	C	96	N	3.74805
C	94	O	C	99	NE2	4.47762
C	94	O	C	155	CG1	3.77645
C	94	N	C	156	O	2.95255
C	95	C	C	96	N	1.32664
C	95	O	C	97	N	4.23978
C	95	CA	C	99	NE2	3.26575
C	95	CB	C	100	CG2	3.7185
C	95	CE	C	103	OG1	3.50843
C	95	O	C	151	CD2	4.37111
C	95	O	C	154	O	3.94333
C	95	O	C	155	CA	3.54885
C	95	O	C	156	N	2.82312
C	96	C	C	97	N	1.32527
C	96	C	C	98	N	3.14881
C	96	OG1	C	99	N	3.03344
C	96	O	C	100	N	2.99595
C	96	C	C	151	CE2	4.14073
C	96	CA	C	154	O	3.248
C	96	CA	C	155	CA	4.64796
C	97	C	C	98	N	1.33324
C	97	C	C	99	N	3.29108
C	97	O	C	100	N	3.22614
C	97	O	C	101	N	2.99241
C	97	O	C	102	N	4.95461
C	97	NH1	C	111	OG1	4.09621
C	97	NH2	C	127	CD2	3.54816
C	97	NH1	C	129	CD2	3.68043
C	97	CA	C	151	CE2	3.60551
C	97	N	C	154	O	3.10225
C	98	C	C	99	N	1.33012
C	98	C	C	100	N	3.31144
C	98	O	C	101	N	3.4292
C	98	O	C	102	N	3.02468
C	99	C	C	100	N	1.33062
C	99	C	C	101	N	3.39755
C	99	O	C	102	N	3.36383
C	99	O	C	103	OG1	2.85484
C	100	C	C	101	N	1.32948
C	100	C	C	102	N	3.11897
C	100	O	C	103	N	2.68872
C	100	O	C	104	N	2.83148
C	100	O	C	105	N	4.63287
C	100	CG1	C	149	CD1	3.54241
C	100	CG2	C	151	CE2	3.63368
C	100	CG2	C	156	CD2	4.25484
C	101	C	C	102	N	1.33043
C	101	C	C	103	N	3.02804
C	101	O	C	104	N	3.6303
C	101	O	C	105	N	2.93276
C	101	CD2	C	106	NE2	3.43611
C	101	CD1	C	109	SG	4.31818
C	101	CD1	C	129	CD1	4.68999
C	102	C	C	103	N	1.32699
C	102	C	C	104	N	3.82439
C	102	C	C	105	N	4.5244
C	102	N	C	106	OE1	4.23291
C	103	C	C	104	N	1.33407
C	103	C	C	105	N	3.39755
C	104	C	C	105	N	1.33041
C	104	C	C	106	N	4.57809
C	104	O	C	108	OG	2.57863
C	104	CG2	C	109	SG	3.62104
C	104	CG2	C	131	SG	4.34508
C	104	CG1	C	149	CD1	4.30192
C	105	C	C	106	N	1.3263
C	105	O	C	107	N	3.07604
C	105	O	C	108	N	3.24226
C	105	O	C	109	N	4.74289
C	106	C	C	107	N	1.32859
C	106	C	C	108	N	3.61631
C	107	C	C	108	N	1.33077
C	107	C	C	109	N	3.55268
C	108	C	C	109	N	1.32938
C	108	O	C	110	N	4.47348
C	108	O	C	130	O	4.05567
C	108	O	C	131	CA	3.14466
C	108	O	C	132	N	2.89211
C	109	C	C	110	N	1.32666
C	109	C	C	111	N	4.51944
C	109	CB	C	129	CB	4.20232
C	109	CA	C	130	O	3.38797
C	109	SG	C	131	SG	2.03776
C	109	N	C	132	N	4.99913
C	109	SG	C	149	CD1	4.42341
C	110	C	C	111	N	1.32068
C	110	O	C	112	N	3.52091
C	110	O	C	128	O	4.3856
C	110	O	C	129	CA	3.42732
C	110	OG1	C	130	OG	2.85997
C	110	N	C	131	N	4.95331
C	110	OG1	C	132	CE1	3.96802
C	111	C	C	112	N	1.32533
C	111	C	C	113	N	3.77208
C	111	CG2	C	114	CB	4.20564
C	111	CG2	C	127	CD1	3.36928
C	111	C	C	128	O	3.71384
C	111	CA	C	129	CD2	4.01434
C	111	C	C	130	OG	4.60329
C	112	C	C	113	N	1.3301
C	112	C	C	114	N	4.49519
C	112	N	C	128	O	2.70342
C	112	N	C	129	CA	4.22678
C	112	CB	C	130	OG	3.92241
C	112	CE3	C	148	CD2	3.78848
C	113	C	C	114	N	1.3249
C	113	C	C	115	N	4.26089
C	113	O	C	126	O	3.75496
C	113	O	C	127	CA	3.27727
C	113	O	C	128	N	2.72522
C	114	C	C	115	N	1.33082
C	114	OE1	C	116	OH	2.50499
C	114	CG	C	125	CG2	4.39322
C	114	CA	C	126	O	3.48727
C	114	CB	C	127	CD1	4.08582
C	114	N	C	128	N	4.96935
C	115	C	C	116	N	1.33226
C	115	O	C	117	CD	3.36504
C	115	O	C	124	O	4.38314
C	115	O	C	125	CA	3.31261
C	115	O	C	126	N	2.96823
C	116	C	C	117	N	1.34366
C	116	O	C	118	N	3.0195
C	116	O	C	119	N	3.06463
C	116	CB	C	121	O	3.99977
C	116	CD2	C	122	CA	3.6939
C	116	CE2	C	125	CG2	3.38528
C	117	C	C	118	N	1.32757
C	117	C	C	119	N	3.59245
C	117	CG	C	123	O	3.95063
C	117	CD	C	124	O	3.43018
C	117	CD	C	125	N	4.08935
C	117	CD	C	126	N	4.71249
C	118	C	C	119	N	1.33002
C	118	O	C	120	N	3.30409
C	118	O	C	121	N	2.91348
C	118	CB	C	123	O	3.94756
C	119	C	C	120	N	1.34666
C	119	C	C	121	N	3.30753
C	120	C	C	121	N	1.33323
C	120	O	C	122	N	3.70949
C	121	C	C	122	N	1.33092
C	121	OG	C	123	N	3.20322
C	122	C	C	123	N	1.32802
C	122	O	C	124	N	3.33958
C	122	O	C	125	N	3.21493
C	122	O	C	153	OD1	4.10289
C	123	C	C	124	N	1.33103
C	123	C	C	125	N	3.30829
C	123	C	C	153	OD1	3.78357
C	124	C	C	125	N	1.3246
C	124	O	C	126	N	3.16167
C	124	O	C	152	CG2	4.12388
C	124	N	C	153	OD1	2.77771
C	125	C	C	126	N	1.32727
C	125	O	C	127	N	4.13222
C	125	O	C	151	O	3.9611
C	125	O	C	152	CA	3.31769
C	125	O	C	153	N	2.83183
C	125	O	C	154	N	4.66679
C	126	C	C	127	N	1.32542
C	126	C	C	128	N	4.39375
C	126	CA	C	151	O	3.2563
C	126	CG2	C	152	OG1	4.00439
C	127	C	C	128	N	1.32806
C	127	CD2	C	129	CD2	4.02374
C	127	O	C	149	O	3.79072
C	127	O	C	150	CA	3.07731
C	127	O	C	151	N	2.72391
C	127	N	C	152	N	4.92364
C	128	C	C	129	N	1.32682
C	128	C	C	130	N	4.26047
C	128	OG	C	148	NE2	2.97362
C	128	CA	C	149	O	3.41378
C	128	OG	C	150	CB	3.69971
C	128	N	C	151	N	4.95989
C	129	C	C	130	N	1.32508
C	129	C	C	131	N	3.93428
C	129	O	C	147	O	3.53068
C	129	O	C	148	CA	3.45265
C	129	N	C	149	O	2.66599
C	129	N	C	150	N	4.82724
C	129	CD1	C	151	CE1	3.62642
C	130	C	C	131	N	1.33045
C	130	O	C	132	CE1	3.32623
C	130	CA	C	147	O	3.29355
C	130	CA	C	148	CA	4.84691
C	131	C	C	132	N	1.33344
C	131	C	C	133	N	4.5956
C	131	O	C	145	O	4.34678
C	131	O	C	146	CA	3.18451
C	131	O	C	147	N	2.79029
C	131	SG	C	149	CD1	3.35198
C	132	C	C	133	N	1.3322
C	132	O	C	134	N	4.39668
C	132	CD2	C	136	C	3.7766
C	132	CD2	C	137	N	3.4243
C	132	CE2	C	143	CE1	3.46913
C	132	CA	C	145	O	3.60123
C	132	CD2	C	146	CB	3.77565
C	133	C	C	134	N	1.32943
C	133	O	C	135	N	2.97986
C	133	OD1	C	136	N	2.57824
C	133	O	C	137	N	4.56834
C	133	OD2	C	144	O	3.30086
C	133	N	C	145	O	3.24148
C	133	OD2	C	146	N	4.94735
C	133	OD2	C	163	O	4.29108
C	133	OD2	C	164	CD2	3.47056
C	133	OD2	C	165	N	4.8126
C	134	C	C	135	N	1.32571
C	134	C	C	136	N	3.69409
C	135	C	C	136	N	1.32712
C	135	C	C	137	N	3.32946
C	135	OD2	C	144	O	3.32108
C	136	C	C	137	N	1.3291
C	136	O	C	138	N	3.8584
C	136	O	C	142	O	4.33739
C	136	O	C	143	CA	3.10456
C	136	O	C	144	N	2.78438
C	136	CA	C	145	O	3.2808
C	137	C	C	138	N	1.32824
C	137	OH	C	139	CB	3.28763
C	137	CD1	C	143	CE1	4.12431
C	137	N	C	144	N	4.88336
C	137	N	C	145	O	4.78347
C	138	C	C	139	N	1.32575
C	138	C	C	140	N	3.28762
C	138	OG	C	141	N	3.04735
C	138	CB	C	142	O	4.12873
C	138	O	C	143	CE1	3.61482
C	139	C	C	140	N	1.33352
C	139	C	C	141	N	4.17606
C	140	C	C	141	N	1.32722
C	140	O	C	142	N	4.49046
C	141	C	C	142	N	1.32852
C	141	O	C	143	N	3.91296
C	142	C	C	143	N	1.33088
C	142	O	C	144	N	3.71843
C	143	C	C	144	N	1.3249
C	143	C	C	145	N	3.66821
C	143	CD2	C	146	OG	3.56597
C	143	O	C	163	OD2	4.42666
C	144	C	C	145	N	1.32718
C	144	C	C	146	N	4.3345
C	144	C	C	162	O	4.86445
C	144	C	C	163	O	4.43944
C	145	C	C	146	N	1.32692
C	145	C	C	147	N	4.71376
C	145	CA	C	162	O	3.11157
C	145	CA	C	163	O	3.47875
C	145	C	C	164	CD2	3.42161
C	146	C	C	147	N	1.32497
C	146	C	C	148	N	4.62148
C	146	O	C	160	O	4.53852
C	146	O	C	161	CA	3.41153
C	146	O	C	162	N	2.80879
C	146	N	C	164	CD2	3.67786
C	147	C	C	148	N	1.32959
C	147	C	C	149	N	4.09909
C	147	CA	C	160	O	3.28875
C	147	CB	C	161	CB	3.98762
C	147	C	C	162	CZ3	4.24277
C	147	CB	C	164	CD1	4.33572
C	148	C	C	149	N	1.33294
C	148	ND1	C	150	CE3	3.55859
C	148	O	C	158	O	4.33412
C	148	O	C	159	CA	3.28503
C	148	N	C	160	O	2.73183
C	148	N	C	161	N	4.90472
C	148	CB	C	162	CZ3	3.77071
C	149	C	C	150	N	1.32457
C	149	O	C	151	CE1	3.7918
C	149	CB	C	156	CD1	4.0067
C	149	CA	C	158	O	3.81098
C	149	CD2	C	159	CB	3.8418
C	149	CD2	C	160	N	4.97671
C	150	C	C	151	N	1.335
C	150	C	C	152	N	4.66091
C	150	O	C	155	O	4.37815
C	150	O	C	156	CD1	3.25259
C	150	O	C	157	N	2.8864
C	150	N	C	158	O	3.28798
C	150	CH2	C	159	N	3.49165
C	150	CZ3	C	160	N	4.10701
C	151	C	C	152	N	1.32906
C	151	C	C	153	N	4.29941
C	151	CD2	C	154	O	3.81168
C	151	CA	C	155	O	3.14582
C	151	CD2	C	156	N	3.32607
C	151	CA	C	157	N	4.147
C	152	C	C	153	N	1.33104
C	152	C	C	154	N	3.1641
C	152	N	C	155	O	2.9367
C	152	N	C	156	N	4.9935
C	152	OG1	C	157	CG	3.5784
C	153	C	C	154	N	1.32974
C	153	C	C	155	N	3.21372
C	154	C	C	155	N	1.32956
C	154	O	C	156	N	4.18259
C	155	C	C	156	N	1.33111
C	155	O	C	157	NE2	2.76481
C	156	C	C	157	N	1.33372
C	156	CD1	C	158	O	3.30977
C	156	CD2	C	159	CB	4.92253
C	157	C	C	158	N	1.32884
C	157	C	C	159	N	4.78871
C	158	C	C	159	N	1.32857
C	158	C	C	160	N	4.74365
C	159	C	C	160	N	1.3287
C	159	C	C	161	N	4.68993
C	160	C	C	161	N	1.33025
C	160	NE	C	162	CZ2	3.24736
C	161	C	C	162	N	1.33021
C	161	OE1	C	163	N	3.38996
C	161	OE1	C	164	N	2.95033
C	162	C	C	163	N	1.33059
C	162	O	C	164	N	3.24126
C	163	C	C	164	N	1.32871
C	163	O	C	165	N	3.75925
C	164	C	C	165	N	1.33016
